,anio,mes,dia,aniomes,fecha,usd_varianza,usd_subio,usd_bajo,usd_subio_mucho,usd_bajo_mucho,usd_subio_muchisimo,usd_bajo_muchisimo,daily_mean
0,2016,12,30,201612,2016-12-30,0.0,0,0,0,0,0,0,20.73335
1,2016,12,29,201612,2016-12-29,-0.12,0,1,0,0,0,0,20.7471
2,2016,12,28,201612,2016-12-28,0.0,0,0,0,0,0,0,20.7571
3,2016,12,27,201612,2016-12-27,0.57,1,0,0,0,0,0,20.6839
4,2016,12,26,201612,2016-12-26,0.1,1,0,0,0,0,0,20.6181
5,2016,12,23,201612,2016-12-23,-0.69,0,1,0,0,0,0,20.68725
6,2016,12,22,201612,2016-12-22,0.97,1,0,0,0,0,0,20.656100000000002
7,2016,12,21,201612,2016-12-21,0.46,1,0,0,0,0,0,20.51135
8,2016,12,20,201612,2016-12-20,0.36,1,0,0,0,0,0,20.4299
9,2016,12,19,201612,2016-12-19,-0.24,0,1,0,0,0,0,20.41525
10,2016,12,16,201612,2016-12-16,0.5,1,0,0,0,0,0,20.38575
11,2016,12,15,201612,2016-12-15,-0.67,0,1,0,0,0,0,20.402749999999997
12,2016,12,14,201612,2016-12-14,0.94,1,0,0,0,0,0,20.375500000000002
13,2016,12,13,201612,2016-12-13,0.32,1,0,0,0,0,0,20.25005
14,2016,12,12,201612,2016-12-12,-0.88,0,1,0,0,0,0,20.295
15,2016,12,9,201612,2016-09-12,0.45,1,0,0,0,0,0,20.35065
16,2016,12,8,201612,2016-08-12,-0.15,0,1,0,0,0,0,20.320999999999998
17,2016,12,7,201612,2016-07-12,-0.31,0,1,0,0,0,0,20.3645
18,2016,12,6,201612,2016-06-12,-0.95,0,1,0,0,0,0,20.494
19,2016,12,5,201612,2016-05-12,-0.17,0,1,0,0,0,0,20.607
20,2016,12,2,201612,2016-02-12,-0.67,0,1,0,0,0,0,20.70625
21,2016,12,1,201612,2016-01-12,0.95,1,0,0,0,0,0,20.670499999999997
22,2016,11,30,201611,2016-11-30,-0.22,0,1,0,0,0,0,20.5945
23,2016,11,29,201611,2016-11-29,-0.08,0,1,0,0,0,0,20.6325
24,2016,11,28,201611,2016-11-28,-0.28,0,1,0,0,0,0,20.646
25,2016,11,25,201611,2016-11-25,-0.24,0,1,0,0,0,0,20.7235
26,2016,11,24,201611,2016-11-24,0.47,1,0,0,0,0,0,20.695749999999997
27,2016,11,23,201611,2016-11-23,0.27,1,0,0,0,0,0,20.619500000000002
28,2016,11,22,201611,2016-11-22,0.66,1,0,0,0,0,0,20.51425
29,2016,11,21,201611,2016-11-21,-0.88,0,1,0,0,0,0,20.5419
30,2016,11,18,201611,2016-11-18,1.03,1,0,1,0,0,0,20.5325
31,2016,11,17,201611,2016-11-17,1.07,1,0,1,0,0,0,20.3155
32,2016,11,16,201611,2016-11-16,-0.3,0,1,0,0,0,0,20.2404
33,2016,11,15,201611,2016-11-15,-2.09,0,1,0,1,0,1,20.4942
34,2016,11,14,201611,2016-11-14,-0.13,0,1,0,0,0,0,20.6625
35,2016,11,11,201611,2016-11-11,0.72,1,0,0,0,0,0,20.6633
36,2016,11,10,201611,2016-10-11,3.7,1,0,1,0,1,0,20.2215
37,2016,11,9,201611,2016-09-11,8.41,1,0,1,0,1,0,19.07725
38,2016,11,8,201611,2016-08-11,-1.54,0,1,0,1,0,1,18.454
39,2016,11,7,201611,2016-07-11,-2.26,0,1,0,1,0,1,18.64925
40,2016,11,4,201611,2016-04-11,-0.79,0,1,0,0,0,0,19.099
41,2016,11,3,201611,2016-03-11,-0.99,0,1,0,0,0,0,19.271
42,2016,11,2,201611,2016-02-11,0.92,1,0,0,0,0,0,19.28375
43,2016,11,1,201611,2016-01-11,1.73,1,0,1,0,1,0,19.0275
44,2016,10,31,201610,2016-10-31,-0.55,0,1,0,0,0,0,18.9095
45,2016,10,28,201610,2016-10-28,0.68,1,0,0,0,0,0,18.907
46,2016,10,27,201610,2016-10-27,0.81,1,0,0,0,0,0,18.7675
47,2016,10,26,201610,2016-10-26,0.89,1,0,0,0,0,0,18.6095
48,2016,10,25,201610,2016-10-25,-0.16,0,1,0,0,0,0,18.5414
49,2016,10,24,201610,2016-10-24,-0.18,0,1,0,0,0,0,18.579900000000002
50,2016,10,21,201610,2016-10-21,-0.17,0,1,0,0,0,0,18.60215
51,2016,10,20,201610,2016-10-20,0.58,1,0,0,0,0,0,18.57
52,2016,10,19,201610,2016-10-19,-0.52,0,1,0,0,0,0,18.561500000000002
53,2016,10,18,201610,2016-10-18,-1.3,0,1,0,1,0,0,18.732750000000003
54,2016,10,17,201610,2016-10-17,-0.82,0,1,0,0,0,0,18.924500000000002
55,2016,10,14,201610,2016-10-14,0.44,1,0,0,0,0,0,18.9685
56,2016,10,13,201610,2016-10-13,0.09,1,0,0,0,0,0,18.92085
57,2016,10,12,201610,2016-12-10,0.03,1,0,0,0,0,0,18.91
58,2016,10,11,201610,2016-11-10,-0.13,0,1,0,0,0,0,18.917
59,2016,10,10,201610,2016-10-10,-1.89,0,1,0,1,0,1,18.9625
60,2016,10,7,201610,2016-07-10,0.3,1,0,0,0,0,0,19.26715
61,2016,10,6,201610,2016-06-10,0.14,1,0,0,0,0,0,19.223750000000003
62,2016,10,5,201610,2016-05-10,-0.6,0,1,0,0,0,0,19.268
63,2016,10,4,201610,2016-04-10,0.2,1,0,0,0,0,0,19.3065
64,2016,10,3,201610,2016-03-10,-0.51,0,1,0,0,0,0,19.3256
65,2016,9,30,201609,2016-09-30,-0.72,0,1,0,0,0,0,19.457500000000003
66,2016,9,29,201609,2016-09-29,0.8,1,0,0,0,0,0,19.447499999999998
67,2016,9,28,201609,2016-09-28,-0.1,0,1,0,0,0,0,19.380000000000003
68,2016,9,27,201609,2016-09-27,-2.44,0,1,0,1,0,1,19.6325
69,2016,9,26,201609,2016-09-26,0.43,1,0,0,0,0,0,19.8275
70,2016,9,23,201609,2016-09-23,0.89,1,0,0,0,0,0,19.70635
71,2016,9,22,201609,2016-09-22,-0.63,0,1,0,0,0,0,19.6775
72,2016,9,21,201609,2016-09-21,-0.38,0,1,0,0,0,0,19.7775
73,2016,9,20,201609,2016-09-20,0.63,1,0,0,0,0,0,19.75165
74,2016,9,19,201609,2016-09-19,0.45,1,0,0,0,0,0,19.65125
75,2016,9,16,201609,2016-09-16,1.32,1,0,1,0,0,0,19.4745
76,2016,9,15,201609,2016-09-15,0.38,1,0,0,0,0,0,19.31135
77,2016,9,14,201609,2016-09-14,1.02,1,0,1,0,0,0,19.1755
78,2016,9,13,201609,2016-09-13,1.41,1,0,1,0,0,0,18.9495
79,2016,9,12,201609,2016-12-09,-0.52,0,1,0,0,0,0,18.847749999999998
80,2016,9,9,201609,2016-09-09,1.3,1,0,1,0,0,0,18.788249999999998
81,2016,9,8,201609,2016-08-09,1.57,1,0,1,0,1,0,18.529400000000003
82,2016,9,7,201609,2016-07-09,0.6,1,0,0,0,0,0,18.3275
83,2016,9,6,201609,2016-06-09,-1.57,0,1,0,1,0,1,18.421
84,2016,9,5,201609,2016-05-09,-0.08,0,1,0,0,0,0,18.56475
85,2016,9,2,201609,2016-02-09,-0.91,0,1,0,0,0,0,18.667499999999997
86,2016,9,1,201609,2016-01-09,-0.19,0,1,0,0,0,0,18.7675
87,2016,8,31,201608,2016-08-31,-0.1,0,1,0,0,0,0,18.7969
88,2016,8,30,201608,2016-08-30,0.96,1,0,0,0,0,0,18.717399999999998
89,2016,8,29,201608,2016-08-29,0.13,1,0,0,0,0,0,18.596600000000002
90,2016,8,26,201608,2016-08-26,1.29,1,0,1,0,0,0,18.4815
91,2016,8,25,201608,2016-08-25,-0.5,0,1,0,0,0,0,18.4146
92,2016,8,24,201608,2016-08-24,-0.6,0,1,0,0,0,0,18.50985
93,2016,8,23,201608,2016-08-23,1.52,1,0,1,0,1,0,18.42965
94,2016,8,22,201608,2016-08-22,0.39,1,0,0,0,0,0,18.2675
95,2016,8,19,201608,2016-08-19,0.17,1,0,0,0,0,0,18.2032
96,2016,8,18,201608,2016-08-18,0.29,1,0,0,0,0,0,18.162
97,2016,8,17,201608,2016-08-17,0.41,1,0,0,0,0,0,18.1027
98,2016,8,16,201608,2016-08-16,-0.09,0,1,0,0,0,0,18.067999999999998
99,2016,8,15,201608,2016-08-15,-1.01,0,1,0,1,0,0,18.1586
100,2016,8,12,201608,2016-12-08,0.18,1,0,0,0,0,0,18.247700000000002
101,2016,8,11,201608,2016-11-08,-1.02,0,1,0,1,0,0,18.324199999999998
102,2016,8,10,201608,2016-10-08,-0.1,0,1,0,0,0,0,18.4242
103,2016,8,9,201608,2016-09-08,-0.64,0,1,0,0,0,0,18.4971
104,2016,8,8,201608,2016-08-08,-1.08,0,1,0,1,0,0,18.6595
105,2016,8,5,201608,2016-05-08,-0.8,0,1,0,0,0,0,18.83295
106,2016,8,4,201608,2016-04-08,0.14,1,0,0,0,0,0,18.89715
107,2016,8,3,201608,2016-03-08,-0.29,0,1,0,0,0,0,18.91225
108,2016,8,2,201608,2016-02-08,0.37,1,0,0,0,0,0,18.9015
109,2016,8,1,201608,2016-01-08,0.61,1,0,0,0,0,0,18.8084
110,2016,7,29,201607,2016-07-29,-0.74,0,1,0,0,0,0,18.823
111,2016,7,28,201607,2016-07-28,0.35,1,0,0,0,0,0,18.856499999999997
112,2016,7,27,201607,2016-07-27,0.27,1,0,0,0,0,0,18.80275
113,2016,7,26,201607,2016-07-26,-0.01,0,1,0,0,0,0,18.775750000000002
114,2016,7,25,201607,2016-07-25,1.24,1,0,1,0,0,0,18.659
115,2016,7,22,201607,2016-07-22,-0.13,0,1,0,0,0,0,18.55775
116,2016,7,21,201607,2016-07-21,-0.56,0,1,0,0,0,0,18.625300000000003
117,2016,7,20,201607,2016-07-20,0.95,1,0,0,0,0,0,18.5888
118,2016,7,19,201607,2016-07-19,0.65,1,0,0,0,0,0,18.4399
119,2016,7,18,201607,2016-07-18,-1.29,0,1,0,1,0,0,18.47175
120,2016,7,15,201607,2016-07-15,1.44,1,0,1,0,0,0,18.48735
121,2016,7,14,201607,2016-07-14,-0.08,0,1,0,0,0,0,18.362000000000002
122,2016,7,13,201607,2016-07-13,0.15,1,0,0,0,0,0,18.3535
123,2016,7,12,201607,2016-12-07,-0.68,0,1,0,0,0,0,18.404
124,2016,7,11,201607,2016-11-07,-0.2,0,1,0,0,0,0,18.48435
125,2016,7,8,201607,2016-08-07,-1.74,0,1,0,1,0,1,18.66615
126,2016,7,7,201607,2016-07-07,0.52,1,0,0,0,0,0,18.78435
127,2016,7,6,201607,2016-06-07,-0.45,0,1,0,0,0,0,18.778750000000002
128,2016,7,5,201607,2016-05-07,2.17,1,0,1,0,1,0,18.621499999999997
129,2016,7,4,201607,2016-04-07,0.35,1,0,0,0,0,0,18.3889
130,2016,7,1,201607,2016-01-07,0.41,1,0,0,0,0,0,18.31625
131,2016,6,30,201606,2016-06-30,-1.11,0,1,0,1,0,0,18.387900000000002
132,2016,6,29,201606,2016-06-29,-1.82,0,1,0,1,0,1,18.6585
133,2016,6,28,201606,2016-06-28,-1.84,0,1,0,1,0,1,19.0029
134,2016,6,27,201606,2016-06-27,1.32,1,0,1,0,0,0,19.058500000000002
135,2016,6,24,201606,2016-06-24,3.87,1,0,1,0,1,0,18.58195
136,2016,6,23,201606,2016-06-23,-1.46,0,1,0,1,0,0,18.359250000000003
137,2016,6,22,201606,2016-06-22,-0.69,0,1,0,0,0,0,18.5625
138,2016,6,21,201606,2016-06-21,-0.18,0,1,0,0,0,0,18.644
139,2016,6,20,201606,2016-06-20,-0.98,0,1,0,0,0,0,18.7474
140,2016,6,17,201606,2016-06-17,-0.53,0,1,0,0,0,0,18.89075
141,2016,6,16,201606,2016-06-16,0.17,1,0,0,0,0,0,18.9255
142,2016,6,15,201606,2016-06-15,-0.1,0,1,0,0,0,0,18.9197
143,2016,6,14,201606,2016-06-14,0.48,1,0,0,0,0,0,18.88465
144,2016,6,13,201606,2016-06-13,1.13,1,0,1,0,0,0,18.73625
145,2016,6,10,201606,2016-10-06,2.1,1,0,1,0,1,0,18.43825
146,2016,6,9,201606,2016-09-06,0.7,1,0,0,0,0,0,18.182499999999997
147,2016,6,8,201606,2016-08-06,-1.3,0,1,0,1,0,0,18.2391
148,2016,6,7,201606,2016-07-06,-1.65,0,1,0,1,0,1,18.51035
149,2016,6,6,201606,2016-06-06,0.4,1,0,0,0,0,0,18.63605
150,2016,6,3,201606,2016-03-06,-0.44,0,1,0,0,0,0,18.63825
151,2016,6,2,201606,2016-02-06,0.81,1,0,0,0,0,0,18.59985
152,2016,6,1,201606,2016-01-06,0.3,1,0,0,0,0,0,18.4924
153,2016,5,31,201605,2016-05-31,-0.09,0,1,0,0,0,0,18.472450000000002
154,2016,5,30,201605,2016-05-30,0.15,1,0,0,0,0,0,18.4709
155,2016,5,27,201605,2016-05-27,0.01,1,0,0,0,0,0,18.46035
156,2016,5,26,201605,2016-05-26,-0.16,0,1,0,0,0,0,18.4731
157,2016,5,25,201605,2016-05-25,0.02,1,0,0,0,0,0,18.48475
158,2016,5,24,201605,2016-05-24,-0.2,0,1,0,0,0,0,18.50225
159,2016,5,23,201605,2016-05-23,0.96,1,0,0,0,0,0,18.43125
160,2016,5,20,201605,2016-05-20,-0.44,0,1,0,0,0,0,18.381999999999998
161,2016,5,19,201605,2016-05-19,-0.08,0,1,0,0,0,0,18.43175
162,2016,5,18,201605,2016-05-18,0.92,1,0,0,0,0,0,18.35335
163,2016,5,17,201605,2016-05-17,-0.19,0,1,0,0,0,0,18.285
164,2016,5,16,201605,2016-05-16,0.76,1,0,0,0,0,0,18.247999999999998
165,2016,5,13,201605,2016-05-13,1.07,1,0,1,0,0,0,18.07315
166,2016,5,12,201605,2016-12-05,-0.11,0,1,0,0,0,0,17.981749999999998
167,2016,5,11,201605,2016-11-05,0.02,1,0,0,0,0,0,17.98805
168,2016,5,10,201605,2016-10-05,-1.16,0,1,0,1,0,0,18.0977
169,2016,5,9,201605,2016-09-05,1.79,1,0,1,0,1,0,18.0353
170,2016,5,6,201605,2016-06-05,-0.07,0,1,0,0,0,0,17.88765
171,2016,5,5,201605,2016-05-05,0.53,1,0,0,0,0,0,17.842950000000002
172,2016,5,4,201605,2016-04-05,1.1,1,0,1,0,0,0,17.71835
173,2016,5,3,201605,2016-03-05,2.36,1,0,1,0,1,0,17.4057
174,2016,5,2,201605,2016-02-05,0.15,1,0,0,0,0,0,17.19015
175,2016,4,29,201604,2016-04-29,-0.56,0,1,0,0,0,0,17.2236
176,2016,4,28,201604,2016-04-28,-0.3,0,1,0,0,0,0,17.29845
177,2016,4,27,201604,2016-04-27,-0.27,0,1,0,0,0,0,17.352400000000003
178,2016,4,26,201604,2016-04-26,-1.08,0,1,0,1,0,0,17.4636
179,2016,4,25,201604,2016-04-25,0.47,1,0,0,0,0,0,17.49285
180,2016,4,22,201604,2016-04-22,0.06,1,0,0,0,0,0,17.47485
181,2016,4,21,201604,2016-04-21,1.09,1,0,1,0,0,0,17.37375
182,2016,4,20,201604,2016-04-20,-0.19,0,1,0,0,0,0,17.2895
183,2016,4,19,201604,2016-04-19,-0.72,0,1,0,0,0,0,17.374200000000002
184,2016,4,18,201604,2016-04-18,-0.71,0,1,0,0,0,0,17.489449999999998
185,2016,4,15,201604,2016-04-15,0.67,1,0,0,0,0,0,17.5043
186,2016,4,14,201604,2016-04-14,0.09,1,0,0,0,0,0,17.4386
187,2016,4,13,201604,2016-04-13,-0.29,0,1,0,0,0,0,17.45525
188,2016,4,12,201604,2016-12-04,-0.92,0,1,0,0,0,0,17.56335
189,2016,4,11,201604,2016-11-04,-0.73,0,1,0,0,0,0,17.71315
190,2016,4,8,201604,2016-08-04,-0.56,0,1,0,0,0,0,17.8307
191,2016,4,7,201604,2016-07-04,1.26,1,0,1,0,0,0,17.7626
192,2016,4,6,201604,2016-06-04,-0.2,0,1,0,0,0,0,17.6727
193,2016,4,5,201604,2016-05-04,1.14,1,0,1,0,0,0,17.58415
194,2016,4,4,201604,2016-04-04,0.92,1,0,0,0,0,0,17.4112
195,2016,4,1,201604,2016-01-04,0.29,1,0,0,0,0,0,17.3096
196,2016,3,31,201603,2016-03-31,0.28,1,0,0,0,0,0,17.255
197,2016,3,30,201603,2016-03-30,-0.62,0,1,0,0,0,0,17.28985
198,2016,3,29,201603,2016-03-29,-0.55,0,1,0,0,0,0,17.3848
199,2016,3,28,201603,2016-03-28,-0.59,0,1,0,0,0,0,17.501849999999997
200,2016,3,25,201603,2016-03-25,-0.42,0,1,0,0,0,0,17.576500000000003
201,2016,3,24,201603,2016-03-24,0.13,1,0,0,0,0,0,17.600749999999998
202,2016,3,23,201603,2016-03-23,1.47,1,0,1,0,0,0,17.4662
203,2016,3,22,201603,2016-03-22,-0.47,0,1,0,0,0,0,17.3733
204,2016,3,21,201603,2016-03-21,0.13,1,0,0,0,0,0,17.4032
205,2016,3,18,201603,2016-03-18,0.42,1,0,0,0,0,0,17.35185
206,2016,3,17,201603,2016-03-17,-1.59,0,1,0,1,0,1,17.4622
207,2016,3,16,201603,2016-03-16,-1.59,0,1,0,1,0,1,17.7466
208,2016,3,15,201603,2016-03-15,0.77,1,0,0,0,0,0,17.8178
209,2016,3,14,201603,2016-03-14,0.29,1,0,0,0,0,0,17.71765
210,2016,3,11,201603,2016-11-03,-0.66,0,1,0,0,0,0,17.7514
211,2016,3,10,201603,2016-10-03,0.29,1,0,0,0,0,0,17.78605
212,2016,3,9,201603,2016-09-03,-0.93,0,1,0,0,0,0,17.84665
213,2016,3,8,201603,2016-08-03,0.99,1,0,0,0,0,0,17.83695
214,2016,3,7,201603,2016-07-03,-0.03,0,1,0,0,0,0,17.75945
215,2016,3,4,201603,2016-04-03,-0.9,0,1,0,0,0,0,17.842750000000002
216,2016,3,3,201603,2016-03-03,0.57,1,0,0,0,0,0,17.8701
217,2016,3,2,201603,2016-02-03,-0.53,0,1,0,0,0,0,17.86945
218,2016,3,1,201603,2016-01-03,-1.21,0,1,0,1,0,0,18.027949999999997
219,2016,2,29,201602,2016-02-29,-0.77,0,1,0,0,0,0,18.20995
220,2016,2,26,201602,2016-02-26,0.82,1,0,0,0,0,0,18.2032
221,2016,2,25,201602,2016-02-25,-0.48,0,1,0,0,0,0,18.16805
222,2016,2,24,201602,2016-02-24,0.02,1,0,0,0,0,0,18.2166
223,2016,2,23,201602,2016-02-23,0.75,1,0,0,0,0,0,18.143250000000002
224,2016,2,22,201602,2016-02-22,-0.82,0,1,0,0,0,0,18.1544
225,2016,2,19,201602,2016-02-19,-0.36,0,1,0,0,0,0,18.2571
226,2016,2,18,201602,2016-02-18,-0.39,0,1,0,0,0,0,18.32875
227,2016,2,17,201602,2016-02-17,-2.77,0,1,0,1,0,1,18.622500000000002
228,2016,2,16,201602,2016-02-16,0.28,1,0,0,0,0,0,18.855
229,2016,2,15,201602,2016-02-15,-0.41,0,1,0,0,0,0,18.877299999999998
230,2016,2,12,201602,2016-12-02,-1.25,0,1,0,1,0,0,19.03
231,2016,2,11,201602,2016-11-02,1.14,1,0,1,0,0,0,19.046349999999997
232,2016,2,10,201602,2016-10-02,0.7,1,0,0,0,0,0,18.869999999999997
233,2016,2,9,201602,2016-09-02,0.7,1,0,0,0,0,0,18.73785
234,2016,2,8,201602,2016-08-02,1.24,1,0,1,0,0,0,18.5572
235,2016,2,5,201602,2016-05-02,0.9,1,0,0,0,0,0,18.3599
236,2016,2,4,201602,2016-04-02,0.6,1,0,0,0,0,0,18.22625
237,2016,2,3,201602,2016-03-02,-1.68,0,1,0,1,0,1,18.3247
238,2016,2,2,201602,2016-02-02,1.33,1,0,1,0,0,0,18.35765
239,2016,2,1,201602,2016-01-02,0.71,1,0,0,0,0,0,18.1716
240,2016,1,29,201601,2016-01-29,-1.2,0,1,0,1,0,0,18.22455
241,2016,1,28,201601,2016-01-28,-0.76,0,1,0,0,0,0,18.4
242,2016,1,27,201601,2016-01-27,0.03,1,0,0,0,0,0,18.469
243,2016,1,26,201601,2016-01-26,-0.75,0,1,0,0,0,0,18.536
244,2016,1,25,201601,2016-01-25,0.92,1,0,0,0,0,0,18.5229
245,2016,1,22,201601,2016-01-22,-1.57,0,1,0,1,0,1,18.58015
246,2016,1,21,201601,2016-01-21,1.1,1,0,1,0,0,0,18.625
247,2016,1,20,201601,2016-01-20,1.35,1,0,1,0,0,0,18.3982
248,2016,1,19,201601,2016-01-19,0.38,1,0,0,0,0,0,18.2403
249,2016,1,18,201601,2016-01-18,-0.29,0,1,0,0,0,0,18.239449999999998
250,2016,1,15,201601,2016-01-15,2.12,1,0,1,0,1,0,18.0714
251,2016,1,14,201601,2016-01-14,-0.37,0,1,0,0,0,0,17.91755
252,2016,1,13,201601,2016-01-13,0.3,1,0,0,0,0,0,17.924950000000003
253,2016,1,12,201601,2016-12-01,0.06,1,0,0,0,0,0,17.89
254,2016,1,11,201601,2016-11-01,-0.28,0,1,0,0,0,0,17.9052
255,2016,1,8,201601,2016-08-01,0.45,1,0,0,0,0,0,17.894199999999998
256,2016,1,7,201601,2016-07-01,1.8,1,0,1,0,1,0,17.695999999999998
257,2016,1,6,201601,2016-06-01,1.16,1,0,1,0,0,0,17.445
258,2016,1,5,201601,2016-05-01,0.17,1,0,0,0,0,0,17.320349999999998
259,2016,1,4,201601,2016-04-01,0.76,1,0,0,0,0,0,17.260849999999998
260,2016,1,1,201601,2016-01-01,0.0,0,0,0,0,0,0,17.18
261,2015,12,31,201512,2015-12-31,-1.16,0,1,0,1,0,0,17.282249999999998
262,2015,12,30,201512,2015-12-30,0.77,1,0,0,0,0,0,17.3144
263,2015,12,29,201512,2015-12-29,0.0,0,0,0,0,0,0,17.2481
264,2015,12,28,201512,2015-12-28,0.11,1,0,0,0,0,0,17.237299999999998
265,2015,12,25,201512,2015-12-25,0.03,1,0,0,0,0,0,17.23
266,2015,12,24,201512,2015-12-24,0.0,0,0,0,0,0,0,17.223100000000002
267,2015,12,23,201512,2015-12-23,0.2,1,0,0,0,0,0,17.208550000000002
268,2015,12,22,201512,2015-12-22,0.17,1,0,0,0,0,0,17.1715
269,2015,12,21,201512,2015-12-21,0.09,1,0,0,0,0,0,17.145249999999997
270,2015,12,18,201512,2015-12-18,0.56,1,0,0,0,0,0,17.095750000000002
271,2015,12,17,201512,2015-12-17,0.38,1,0,0,0,0,0,17.0185
272,2015,12,16,201512,2015-12-16,-0.73,0,1,0,0,0,0,17.051499999999997
273,2015,12,15,201512,2015-12-15,-1.15,0,1,0,1,0,0,17.2134
274,2015,12,14,201512,2015-12-14,-0.47,0,1,0,0,0,0,17.31625
275,2015,12,11,201512,2015-11-12,1.14,1,0,1,0,0,0,17.291800000000002
276,2015,12,10,201512,2015-10-12,0.78,1,0,0,0,0,0,17.132849999999998
277,2015,12,9,201512,2015-09-12,0.21,1,0,0,0,0,0,17.0455
278,2015,12,8,201512,2015-08-12,0.82,1,0,0,0,0,0,16.95945
279,2015,12,7,201512,2015-07-12,1.4,1,0,1,0,0,0,16.773699999999998
280,2015,12,4,201512,2015-04-12,-0.34,0,1,0,0,0,0,16.6845
281,2015,12,3,201512,2015-03-12,0.87,1,0,0,0,0,0,16.63955
282,2015,12,2,201512,2015-02-12,0.29,1,0,0,0,0,0,16.5476
283,2015,12,1,201512,2015-01-12,-0.33,0,1,0,0,0,0,16.546950000000002
284,2015,11,30,201511,2015-11-30,-0.3,0,1,0,0,0,0,16.60235
285,2015,11,27,201511,2015-11-27,0.37,1,0,0,0,0,0,16.59265
286,2015,11,26,201511,2015-11-26,0.37,1,0,0,0,0,0,16.53065
287,2015,11,25,201511,2015-11-25,-0.2,0,1,0,0,0,0,16.52055
288,2015,11,24,201511,2015-11-24,-0.07,0,1,0,0,0,0,16.542299999999997
289,2015,11,23,201511,2015-11-23,0.09,1,0,0,0,0,0,16.53615
290,2015,11,20,201511,2015-11-20,-0.53,0,1,0,0,0,0,16.575850000000003
291,2015,11,19,201511,2015-11-19,-0.7,0,1,0,0,0,0,16.67975
292,2015,11,18,201511,2015-11-18,0.09,1,0,0,0,0,0,16.72905
293,2015,11,17,201511,2015-11-17,-0.28,0,1,0,0,0,0,16.7462
294,2015,11,16,201511,2015-11-16,0.52,1,0,0,0,0,0,16.7259
295,2015,11,13,201511,2015-11-13,-0.31,0,1,0,0,0,0,16.709049999999998
296,2015,11,12,201511,2015-12-11,0.03,1,0,0,0,0,0,16.734499999999997
297,2015,11,11,201511,2015-11-11,-0.15,0,1,0,0,0,0,16.741149999999998
298,2015,11,10,201511,2015-10-11,-0.11,0,1,0,0,0,0,16.7633
299,2015,11,9,201511,2015-09-11,-0.16,0,1,0,0,0,0,16.8007
300,2015,11,6,201511,2015-06-11,1.18,1,0,1,0,0,0,16.7053
301,2015,11,5,201511,2015-05-11,0.39,1,0,0,0,0,0,16.568399999999997
302,2015,11,4,201511,2015-04-11,0.86,1,0,0,0,0,0,16.4706
303,2015,11,3,201511,2015-03-11,-0.27,0,1,0,0,0,0,16.41845
304,2015,11,2,201511,2015-02-11,-0.35,0,1,0,0,0,0,16.47345
305,2015,10,30,201510,2015-10-30,-0.8,0,1,0,0,0,0,16.56895
306,2015,10,29,201510,2015-10-29,-0.04,0,1,0,0,0,0,16.634900000000002
307,2015,10,28,201510,2015-10-28,0.58,1,0,0,0,0,0,16.59245
308,2015,10,27,201510,2015-10-27,0.06,1,0,0,0,0,0,16.539
309,2015,10,26,201510,2015-10-26,-0.37,0,1,0,0,0,0,16.5593
310,2015,10,23,201510,2015-10-23,0.7,1,0,0,0,0,0,16.535899999999998
311,2015,10,22,201510,2015-10-22,-1.07,0,1,0,1,0,0,16.56805
312,2015,10,21,201510,2015-10-21,0.56,1,0,0,0,0,0,16.602899999999998
313,2015,10,20,201510,2015-10-20,0.45,1,0,0,0,0,0,16.5277
314,2015,10,19,201510,2015-10-19,0.38,1,0,0,0,0,0,16.4538
315,2015,10,16,201510,2015-10-16,0.22,1,0,0,0,0,0,16.405250000000002
316,2015,10,15,201510,2015-10-15,-0.51,0,1,0,0,0,0,16.42625
317,2015,10,14,201510,2015-10-14,-1.1,0,1,0,1,0,0,16.5661
318,2015,10,13,201510,2015-10-13,1.19,1,0,1,0,0,0,16.56155
319,2015,10,12,201510,2015-12-10,0.17,1,0,0,0,0,0,16.443150000000003
320,2015,10,9,201510,2015-09-10,-0.17,0,1,0,0,0,0,16.4468
321,2015,10,8,201510,2015-08-10,-1.15,0,1,0,1,0,0,16.55725
322,2015,10,7,201510,2015-07-10,0.0,0,0,0,0,0,0,16.6532
323,2015,10,6,201510,2015-06-10,-0.86,0,1,0,0,0,0,16.7201
324,2015,10,5,201510,2015-05-10,0.22,1,0,0,0,0,0,16.78485
325,2015,10,2,201510,2015-02-10,-0.95,0,1,0,0,0,0,16.8404
326,2015,10,1,201510,2015-01-10,0.01,1,0,0,0,0,0,16.921799999999998
327,2015,9,30,201509,2015-09-30,-0.62,0,1,0,0,0,0,16.9728
328,2015,9,29,201509,2015-09-29,-0.28,0,1,0,0,0,0,17.04885
329,2015,9,28,201509,2015-09-28,0.6,1,0,0,0,0,0,17.01795
330,2015,9,25,201509,2015-09-25,0.61,1,0,0,0,0,0,16.9244
331,2015,9,24,201509,2015-09-24,-1.43,0,1,0,1,0,0,16.99205
332,2015,9,23,201509,2015-09-23,1.34,1,0,1,0,0,0,17.001350000000002
333,2015,9,22,201509,2015-09-22,1.36,1,0,1,0,0,0,16.77615
334,2015,9,21,201509,2015-09-21,0.06,1,0,0,0,0,0,16.6476
335,2015,9,18,201509,2015-09-18,0.32,1,0,0,0,0,0,16.62575
336,2015,9,17,201509,2015-09-17,0.29,1,0,0,0,0,0,16.579700000000003
337,2015,9,16,201509,2015-09-16,-0.83,0,1,0,0,0,0,16.62105
338,2015,9,15,201509,2015-09-15,-0.38,0,1,0,0,0,0,16.7225
339,2015,9,14,201509,2015-09-14,-0.5,0,1,0,0,0,0,16.7913
340,2015,9,11,201509,2015-11-09,0.37,1,0,0,0,0,0,16.8084
341,2015,9,10,201509,2015-10-09,-0.28,0,1,0,0,0,0,16.79975
342,2015,9,9,201509,2015-09-09,-0.01,0,1,0,0,0,0,16.8226
343,2015,9,8,201509,2015-08-09,-0.98,0,1,0,0,0,0,16.906399999999998
344,2015,9,7,201509,2015-07-09,0.25,1,0,0,0,0,0,16.9705
345,2015,9,4,201509,2015-04-09,0.87,1,0,0,0,0,0,16.8708
346,2015,9,3,201509,2015-03-09,-0.14,0,1,0,0,0,0,16.8096
347,2015,9,2,201509,2015-02-09,-0.84,0,1,0,0,0,0,16.8966
348,2015,9,1,201509,2015-01-09,1.3,1,0,1,0,0,0,16.8596
349,2015,8,31,201508,2015-08-31,0.0,0,0,0,0,0,0,16.74955
350,2015,8,28,201508,2015-08-28,-0.74,0,1,0,0,0,0,16.81615
351,2015,8,27,201508,2015-08-27,-0.75,0,1,0,0,0,0,16.9419
352,2015,8,26,201508,2015-08-26,-1.18,0,1,0,1,0,0,17.103650000000002
353,2015,8,25,201508,2015-08-25,0.03,1,0,0,0,0,0,17.20665
354,2015,8,24,201508,2015-08-24,1.27,1,0,1,0,0,0,17.098
355,2015,8,21,201508,2015-08-21,1.1,1,0,1,0,0,0,16.90095
356,2015,8,20,201508,2015-08-20,1.1,1,0,1,0,0,0,16.710549999999998
357,2015,8,19,201508,2015-08-19,1.33,1,0,1,0,0,0,16.51065
358,2015,8,18,201508,2015-08-18,-0.16,0,1,0,0,0,0,16.41815
359,2015,8,17,201508,2015-08-17,0.31,1,0,0,0,0,0,16.39715
360,2015,8,14,201508,2015-08-14,-0.16,0,1,0,0,0,0,16.38615
361,2015,8,13,201508,2015-08-13,0.74,1,0,0,0,0,0,16.3413
362,2015,8,12,201508,2015-12-08,-0.2,0,1,0,0,0,0,16.296
363,2015,8,11,201508,2015-11-08,0.94,1,0,0,0,0,0,16.23635
364,2015,8,10,201508,2015-10-08,0.05,1,0,0,0,0,0,16.1562
365,2015,8,7,201508,2015-07-08,-1.04,0,1,0,1,0,0,16.241
366,2015,8,6,201508,2015-06-08,-0.32,0,1,0,0,0,0,16.3503
367,2015,8,5,201508,2015-05-08,0.49,1,0,0,0,0,0,16.33765
368,2015,8,4,201508,2015-04-08,0.72,1,0,0,0,0,0,16.2329
369,2015,8,3,201508,2015-03-08,0.43,1,0,0,0,0,0,16.14085
370,2015,7,31,201507,2015-07-31,-0.97,0,1,0,0,0,0,16.192
371,2015,7,30,201507,2015-07-30,-0.13,0,1,0,0,0,0,16.274700000000003
372,2015,7,29,201507,2015-07-29,0.1,1,0,0,0,0,0,16.28075
373,2015,7,28,201507,2015-07-28,-0.11,0,1,0,0,0,0,16.2789
374,2015,7,27,201507,2015-07-27,0.14,1,0,0,0,0,0,16.2738
375,2015,7,24,201507,2015-07-24,0.33,1,0,0,0,0,0,16.24335
376,2015,7,23,201507,2015-07-23,0.75,1,0,0,0,0,0,16.1573
377,2015,7,22,201507,2015-07-22,0.56,1,0,0,0,0,0,16.044649999999997
378,2015,7,21,201507,2015-07-21,-0.02,0,1,0,0,0,0,16.01015
379,2015,7,20,201507,2015-07-20,0.5,1,0,0,0,0,0,15.9683
380,2015,7,17,201507,2015-07-17,0.61,1,0,0,0,0,0,15.883
381,2015,7,16,201507,2015-07-16,0.32,1,0,0,0,0,0,15.808250000000001
382,2015,7,15,201507,2015-07-15,0.74,1,0,0,0,0,0,15.71965
383,2015,7,14,201507,2015-07-14,-0.23,0,1,0,0,0,0,15.68665
384,2015,7,13,201507,2015-07-13,-0.07,0,1,0,0,0,0,15.70765
385,2015,7,10,201507,2015-10-07,-0.64,0,1,0,0,0,0,15.76315
386,2015,7,9,201507,2015-09-07,-0.2,0,1,0,0,0,0,15.8324
387,2015,7,8,201507,2015-08-07,0.38,1,0,0,0,0,0,15.8177
388,2015,7,7,201507,2015-07-07,0.48,1,0,0,0,0,0,15.74905
389,2015,7,6,201507,2015-06-07,-0.12,0,1,0,0,0,0,15.73375
390,2015,7,3,201507,2015-03-07,0.44,1,0,0,0,0,0,15.69435
391,2015,7,2,201507,2015-02-07,-0.76,0,1,0,0,0,0,15.7193
392,2015,7,1,201507,2015-01-07,0.27,1,0,0,0,0,0,15.75605
393,2015,6,30,201506,2015-06-30,0.32,1,0,0,0,0,0,15.71385
394,2015,6,29,201506,2015-06-29,0.86,1,0,0,0,0,0,15.65545
395,2015,6,26,201506,2015-06-26,0.47,1,0,0,0,0,0,15.518650000000001
396,2015,6,25,201506,2015-06-25,-0.11,0,1,0,0,0,0,15.490649999999999
397,2015,6,24,201506,2015-06-24,0.65,1,0,0,0,0,0,15.44795
398,2015,6,23,201506,2015-06-23,0.38,1,0,0,0,0,0,15.371649999999999
399,2015,6,22,201506,2015-06-22,-0.03,0,1,0,0,0,0,15.34755
400,2015,6,19,201506,2015-06-19,0.03,1,0,0,0,0,0,15.34375
401,2015,6,18,201506,2015-06-18,0.55,1,0,0,0,0,0,15.30355
402,2015,6,17,201506,2015-06-17,-0.86,0,1,0,0,0,0,15.3227
403,2015,6,16,201506,2015-06-16,-0.28,0,1,0,0,0,0,15.411950000000001
404,2015,6,15,201506,2015-06-15,0.21,1,0,0,0,0,0,15.42365
405,2015,6,12,201506,2015-12-06,0.35,1,0,0,0,0,0,15.3741
406,2015,6,11,201506,2015-11-06,-0.53,0,1,0,0,0,0,15.3912
407,2015,6,10,201506,2015-10-06,-0.94,0,1,0,0,0,0,15.50555
408,2015,6,9,201506,2015-09-06,-0.33,0,1,0,0,0,0,15.6025
409,2015,6,8,201506,2015-08-06,-0.51,0,1,0,0,0,0,15.66535
410,2015,6,5,201506,2015-05-06,1.11,1,0,1,0,0,0,15.625350000000001
411,2015,6,4,201506,2015-04-06,0.13,1,0,0,0,0,0,15.52675
412,2015,6,3,201506,2015-03-06,0.55,1,0,0,0,0,0,15.47315
413,2015,6,2,201506,2015-02-06,-0.34,0,1,0,0,0,0,15.45865
414,2015,6,1,201506,2015-01-06,0.69,1,0,0,0,0,0,15.428650000000001
415,2015,5,29,201505,2015-05-29,0.42,1,0,0,0,0,0,15.34615
416,2015,5,28,201505,2015-05-28,0.2,1,0,0,0,0,0,15.298449999999999
417,2015,5,27,201505,2015-05-27,-0.09,0,1,0,0,0,0,15.2904
418,2015,5,26,201505,2015-05-26,0.26,1,0,0,0,0,0,15.275
419,2015,5,25,201505,2015-05-25,-0.03,0,1,0,0,0,0,15.255600000000001
420,2015,5,22,201505,2015-05-22,0.24,1,0,0,0,0,0,15.2412
421,2015,5,21,201505,2015-05-21,0.23,1,0,0,0,0,0,15.2102
422,2015,5,20,201505,2015-05-20,0.04,1,0,0,0,0,0,15.1881
423,2015,5,19,201505,2015-05-19,0.44,1,0,0,0,0,0,15.149149999999999
424,2015,5,18,201505,2015-05-18,0.74,1,0,0,0,0,0,15.06615
425,2015,5,15,201505,2015-05-15,-0.64,0,1,0,0,0,0,15.0536
426,2015,5,14,201505,2015-05-14,-1.07,0,1,0,1,0,0,15.18185
427,2015,5,13,201505,2015-05-13,-0.51,0,1,0,0,0,0,15.303049999999999
428,2015,5,12,201505,2015-12-05,-0.11,0,1,0,0,0,0,15.34805
429,2015,5,11,201505,2015-11-05,1.6,1,0,1,0,1,0,15.2361
430,2015,5,8,201505,2015-08-05,-1.31,0,1,0,1,0,0,15.2165
431,2015,5,7,201505,2015-07-05,-0.26,0,1,0,0,0,0,15.3381
432,2015,5,6,201505,2015-06-05,0.1,1,0,0,0,0,0,15.35065
433,2015,5,5,201505,2015-05-05,-0.73,0,1,0,0,0,0,15.39685
434,2015,5,4,201505,2015-04-05,-0.79,0,1,0,0,0,0,15.5195
435,2015,5,1,201505,2015-01-05,1.5,1,0,1,0,0,0,15.462900000000001
436,2015,4,30,201504,2015-04-30,0.85,1,0,0,0,0,0,15.28415
437,2015,4,29,201504,2015-04-29,-0.23,0,1,0,0,0,0,15.2375
438,2015,4,28,201504,2015-04-28,-0.63,0,1,0,0,0,0,15.3049
439,2015,4,27,201504,2015-04-27,-0.24,0,1,0,0,0,0,15.36895
440,2015,4,24,201504,2015-04-24,0.22,1,0,0,0,0,0,15.3741
441,2015,4,23,201504,2015-04-23,-0.57,0,1,0,0,0,0,15.39975
442,2015,4,22,201504,2015-04-22,0.05,1,0,0,0,0,0,15.437000000000001
443,2015,4,21,201504,2015-04-21,-0.1,0,1,0,0,0,0,15.44605
444,2015,4,20,201504,2015-04-20,0.8,1,0,0,0,0,0,15.3829
445,2015,4,17,201504,2015-04-17,1.04,1,0,1,0,0,0,15.248750000000001
446,2015,4,16,201504,2015-04-16,-0.63,0,1,0,0,0,0,15.222
447,2015,4,15,201504,2015-04-15,0.03,1,0,0,0,0,0,15.267
448,2015,4,14,201504,2015-04-14,-0.77,0,1,0,0,0,0,15.32215
449,2015,4,13,201504,2015-04-13,1.01,1,0,1,0,0,0,15.306149999999999
450,2015,4,10,201504,2015-10-04,0.92,1,0,0,0,0,0,15.15685
451,2015,4,9,201504,2015-09-04,1.2,1,0,1,0,0,0,14.99595
452,2015,4,8,201504,2015-08-04,-0.14,0,1,0,0,0,0,14.9206
453,2015,4,7,201504,2015-07-04,0.08,1,0,0,0,0,0,14.92365
454,2015,4,6,201504,2015-06-04,0.72,1,0,0,0,0,0,14.867
455,2015,4,3,201504,2015-03-04,-1.27,0,1,0,1,0,0,14.905100000000001
456,2015,4,2,201504,2015-02-04,-0.98,0,1,0,0,0,0,15.07165
457,2015,4,1,201504,2015-01-04,-0.73,0,1,0,0,0,0,15.20875
458,2015,3,31,201503,2015-03-31,-0.0,0,0,0,0,0,0,15.26425
459,2015,3,30,201503,2015-03-30,0.18,1,0,0,0,0,0,15.245750000000001
460,2015,3,27,201503,2015-03-27,0.63,1,0,0,0,0,0,15.183499999999999
461,2015,3,26,201503,2015-03-26,0.99,1,0,0,0,0,0,15.063500000000001
462,2015,3,25,201503,2015-03-25,0.34,1,0,0,0,0,0,14.9669
463,2015,3,24,201503,2015-03-24,0.07,1,0,0,0,0,0,14.934000000000001
464,2015,3,23,201503,2015-03-23,-0.83,0,1,0,0,0,0,14.99035
465,2015,3,20,201503,2015-03-20,-1.46,0,1,0,1,0,0,15.16625
466,2015,3,19,201503,2015-03-19,1.23,1,0,1,0,0,0,15.186250000000001
467,2015,3,18,201503,2015-03-18,-1.82,0,1,0,1,0,1,15.23475
468,2015,3,17,201503,2015-03-17,-0.3,0,1,0,0,0,0,15.3936
469,2015,3,16,201503,2015-03-16,-0.44,0,1,0,0,0,0,15.44875
470,2015,3,13,201503,2015-03-13,0.62,1,0,0,0,0,0,15.43875
471,2015,3,12,201503,2015-12-03,-0.67,0,1,0,0,0,0,15.44315
472,2015,3,11,201503,2015-11-03,-0.84,0,1,0,0,0,0,15.55775
473,2015,3,10,201503,2015-10-03,0.98,1,0,0,0,0,0,15.54925
474,2015,3,9,201503,2015-09-03,-0.15,0,1,0,0,0,0,15.4833
475,2015,3,6,201503,2015-06-03,2.0,1,0,1,0,1,0,15.344100000000001
476,2015,3,5,201503,2015-05-03,0.93,1,0,0,0,0,0,15.123899999999999
477,2015,3,4,201503,2015-04-03,0.4,1,0,0,0,0,0,15.0206
478,2015,3,3,201503,2015-03-03,-0.14,0,1,0,0,0,0,15.001
479,2015,3,2,201503,2015-02-03,0.43,1,0,0,0,0,0,14.98075
480,2015,2,27,201502,2015-02-27,-0.29,0,1,0,0,0,0,14.9695
481,2015,2,26,201502,2015-02-26,0.43,1,0,0,0,0,0,14.964749999999999
482,2015,2,25,201502,2015-02-25,0.12,1,0,0,0,0,0,14.92185
483,2015,2,24,201502,2015-02-24,-1.17,0,1,0,1,0,0,14.99965
484,2015,2,23,201502,2015-02-23,0.4,1,0,0,0,0,0,15.06785
485,2015,2,20,201502,2015-02-20,0.18,1,0,0,0,0,0,15.015149999999998
486,2015,2,19,201502,2015-02-19,0.94,1,0,0,0,0,0,14.92835
487,2015,2,18,201502,2015-02-18,-0.35,0,1,0,0,0,0,14.88885
488,2015,2,17,201502,2015-02-17,-0.06,0,1,0,0,0,0,14.9205
489,2015,2,16,201502,2015-02-16,0.27,1,0,0,0,0,0,14.92025
490,2015,2,13,201502,2015-02-13,-0.24,0,1,0,0,0,0,14.903849999999998
491,2015,2,12,201502,2015-12-02,-1.01,0,1,0,1,0,0,14.99655
492,2015,2,11,201502,2015-11-02,0.78,1,0,0,0,0,0,15.01475
493,2015,2,10,201502,2015-10-02,0.83,1,0,0,0,0,0,14.8955
494,2015,2,9,201502,2015-09-02,-0.1,0,1,0,0,0,0,14.8429
495,2015,2,6,201502,2015-06-02,0.4,1,0,0,0,0,0,14.81875
496,2015,2,5,201502,2015-05-02,-0.68,0,1,0,0,0,0,14.84085
497,2015,2,4,201502,2015-04-02,1.63,1,0,1,0,1,0,14.77185
498,2015,2,3,201502,2015-03-02,-1.44,0,1,0,1,0,0,14.7602
499,2015,2,2,201502,2015-02-02,-0.81,0,1,0,0,0,0,14.9191
500,2015,1,30,201501,2015-01-30,1.26,1,0,1,0,0,0,14.892
501,2015,1,29,201501,2015-01-29,0.32,1,0,0,0,0,0,14.77845
502,2015,1,28,201501,2015-01-28,0.93,1,0,0,0,0,0,14.689
503,2015,1,27,201501,2015-01-27,0.31,1,0,0,0,0,0,14.597249999999999
504,2015,1,26,201501,2015-01-26,-0.54,0,1,0,0,0,0,14.62405
505,2015,1,23,201501,2015-01-23,0.15,1,0,0,0,0,0,14.64065
506,2015,1,22,201501,2015-01-22,-0.84,0,1,0,0,0,0,14.69295
507,2015,1,21,201501,2015-01-21,0.64,1,0,0,0,0,0,14.70725
508,2015,1,20,201501,2015-01-20,0.29,1,0,0,0,0,0,14.64245
509,2015,1,19,201501,2015-01-19,0.41,1,0,0,0,0,0,14.59735
510,2015,1,16,201501,2015-01-16,-0.73,0,1,0,0,0,0,14.610600000000002
511,2015,1,15,201501,2015-01-15,1.24,1,0,1,0,0,0,14.575949999999999
512,2015,1,14,201501,2015-01-14,-0.88,0,1,0,0,0,0,14.549
513,2015,1,13,201501,2015-01-13,-0.25,0,1,0,0,0,0,14.632750000000001
514,2015,1,12,201501,2015-12-01,0.34,1,0,0,0,0,0,14.613
515,2015,1,9,201501,2015-09-01,-0.44,0,1,0,0,0,0,14.63325
516,2015,1,8,201501,2015-08-01,-0.32,0,1,0,0,0,0,14.6884
517,2015,1,7,201501,2015-07-01,-1.22,0,1,0,1,0,0,14.8035
518,2015,1,6,201501,2015-06-01,-0.31,0,1,0,0,0,0,14.91745
519,2015,1,5,201501,2015-05-01,0.73,1,0,0,0,0,0,14.8811
520,2015,1,2,201501,2015-02-01,0.54,1,0,0,0,0,0,14.788250000000001
521,2015,1,1,201501,2015-01-01,0.03,1,0,0,0,0,0,14.7535
522,2014,12,31,201412,2014-12-31,0.11,1,0,0,0,0,0,14.743
523,2014,12,30,201412,2014-12-30,-0.27,0,1,0,0,0,0,14.751
524,2014,12,29,201412,2014-12-29,0.45,1,0,0,0,0,0,14.7475
525,2014,12,26,201412,2014-12-26,-0.06,0,1,0,0,0,0,14.714649999999999
526,2014,12,25,201412,2014-12-25,0.01,1,0,0,0,0,0,14.7169
527,2014,12,24,201412,2014-12-24,-0.3,0,1,0,0,0,0,14.7375
528,2014,12,23,201412,2014-12-23,0.69,1,0,0,0,0,0,14.7056
529,2014,12,22,201412,2014-12-22,0.36,1,0,0,0,0,0,14.626000000000001
530,2014,12,19,201412,2014-12-19,0.19,1,0,0,0,0,0,14.58925
531,2014,12,18,201412,2014-12-18,0.08,1,0,0,0,0,0,14.57125
532,2014,12,17,201412,2014-12-17,-1.26,0,1,0,1,0,0,14.655349999999999
533,2014,12,16,201412,2014-12-16,-0.06,0,1,0,0,0,0,14.7525
534,2014,12,15,201412,2014-12-15,-0.03,0,1,0,0,0,0,14.755749999999999
535,2014,12,12,201412,2014-12-12,-0.09,0,1,0,0,0,0,14.76985
536,2014,12,11,201412,2014-11-12,1.5,1,0,1,0,0,0,14.667349999999999
537,2014,12,10,201412,2014-10-12,0.94,1,0,0,0,0,0,14.4905
538,2014,12,9,201412,2014-09-12,0.28,1,0,0,0,0,0,14.4021
539,2014,12,8,201412,2014-08-12,0.16,1,0,0,0,0,0,14.367149999999999
540,2014,12,5,201412,2014-05-12,1.43,1,0,1,0,0,0,14.258
541,2014,12,4,201412,2014-04-12,0.39,1,0,0,0,0,0,14.12475
542,2014,12,3,201412,2014-03-12,0.0,0,0,0,0,0,0,14.10145
543,2014,12,2,201412,2014-02-12,0.76,1,0,0,0,0,0,14.046050000000001
544,2014,12,1,201412,2014-01-12,0.41,1,0,0,0,0,0,13.95975
545,2014,11,28,201411,2014-11-28,1.26,1,0,1,0,0,0,13.849
546,2014,11,27,201411,2014-11-27,0.27,1,0,0,0,0,0,13.744250000000001
547,2014,11,26,201411,2014-11-26,0.38,1,0,0,0,0,0,13.70125
548,2014,11,25,201411,2014-11-25,0.12,1,0,0,0,0,0,13.66725
549,2014,11,24,201411,2014-11-24,0.28,1,0,0,0,0,0,13.644100000000002
550,2014,11,21,201411,2014-11-21,-0.23,0,1,0,0,0,0,13.63675
551,2014,11,20,201411,2014-11-20,0.23,1,0,0,0,0,0,13.63465
552,2014,11,19,201411,2014-11-19,0.47,1,0,0,0,0,0,13.59165
553,2014,11,18,201411,2014-11-18,-0.25,0,1,0,0,0,0,13.573250000000002
554,2014,11,17,201411,2014-11-17,0.41,1,0,0,0,0,0,13.561350000000001
555,2014,11,14,201411,2014-11-14,-0.51,0,1,0,0,0,0,13.568999999999999
556,2014,11,13,201411,2014-11-13,0.35,1,0,0,0,0,0,13.5805
557,2014,11,12,201411,2014-12-11,-0.33,0,1,0,0,0,0,13.5796
558,2014,11,11,201411,2014-11-11,-0.04,0,1,0,0,0,0,13.60525
559,2014,11,10,201411,2014-10-11,0.49,1,0,0,0,0,0,13.575
560,2014,11,7,201411,2014-07-11,-0.71,0,1,0,0,0,0,13.588000000000001
561,2014,11,6,201411,2014-06-11,0.46,1,0,0,0,0,0,13.6046
562,2014,11,5,201411,2014-05-11,0.14,1,0,0,0,0,0,13.564599999999999
563,2014,11,4,201411,2014-04-11,-0.38,0,1,0,0,0,0,13.5814
564,2014,11,3,201411,2014-03-11,0.97,1,0,0,0,0,0,13.53675
565,2014,10,31,201410,2014-10-31,0.26,1,0,0,0,0,0,13.45905
566,2014,10,30,201410,2014-10-30,-0.42,0,1,0,0,0,0,13.468900000000001
567,2014,10,29,201410,2014-10-29,0.42,1,0,0,0,0,0,13.47215
568,2014,10,28,201410,2014-10-28,-0.73,0,1,0,0,0,0,13.490749999999998
569,2014,10,27,201410,2014-10-27,-0.14,0,1,0,0,0,0,13.54365
570,2014,10,24,201410,2014-10-24,-0.03,0,1,0,0,0,0,13.5602
571,2014,10,23,201410,2014-10-23,0.04,1,0,0,0,0,0,13.5616
572,2014,10,22,201410,2014-10-22,0.13,1,0,0,0,0,0,13.5473
573,2014,10,21,201410,2014-10-21,0.04,1,0,0,0,0,0,13.538350000000001
574,2014,10,20,201410,2014-10-20,0.09,1,0,0,0,0,0,13.533000000000001
575,2014,10,17,201410,2014-10-17,-0.27,0,1,0,0,0,0,13.5412
576,2014,10,16,201410,2014-10-16,0.21,1,0,0,0,0,0,13.544599999999999
577,2014,10,15,201410,2014-10-15,0.63,1,0,0,0,0,0,13.487449999999999
578,2014,10,14,201410,2014-10-14,-0.01,0,1,0,0,0,0,13.44575
579,2014,10,13,201410,2014-10-13,-0.26,0,1,0,0,0,0,13.458649999999999
580,2014,10,10,201410,2014-10-10,0.34,1,0,0,0,0,0,13.4619
581,2014,10,9,201410,2014-09-10,0.74,1,0,0,0,0,0,13.38765
582,2014,10,8,201410,2014-08-10,-1.02,0,1,0,1,0,0,13.4068
583,2014,10,7,201410,2014-07-10,0.58,1,0,0,0,0,0,13.43675
584,2014,10,6,201410,2014-06-10,-0.66,0,1,0,0,0,0,13.443850000000001
585,2014,10,3,201410,2014-03-10,0.78,1,0,0,0,0,0,13.43585
586,2014,10,2,201410,2014-02-10,-0.54,0,1,0,0,0,0,13.4189
587,2014,10,1,201410,2014-01-10,0.2,1,0,0,0,0,0,13.442250000000001
588,2014,9,30,201409,2014-09-30,-0.53,0,1,0,0,0,0,13.46405
589,2014,9,29,201409,2014-09-29,0.39,1,0,0,0,0,0,13.46995
590,2014,9,26,201409,2014-09-26,0.45,1,0,0,0,0,0,13.41685
591,2014,9,25,201409,2014-09-25,0.81,1,0,0,0,0,0,13.33165
592,2014,9,24,201409,2014-09-24,-0.29,0,1,0,0,0,0,13.298100000000002
593,2014,9,23,201409,2014-09-23,0.3,1,0,0,0,0,0,13.29775
594,2014,9,22,201409,2014-09-22,0.51,1,0,0,0,0,0,13.244
595,2014,9,19,201409,2014-09-19,-0.19,0,1,0,0,0,0,13.2254
596,2014,9,18,201409,2014-09-18,-0.07,0,1,0,0,0,0,13.2396
597,2014,9,17,201409,2014-09-17,0.65,1,0,0,0,0,0,13.2024
598,2014,9,16,201409,2014-09-16,-0.58,0,1,0,0,0,0,13.19665
599,2014,9,15,201409,2014-09-15,-0.13,0,1,0,0,0,0,13.2446
600,2014,9,12,201409,2014-12-09,0.18,1,0,0,0,0,0,13.243
601,2014,9,11,201409,2014-11-09,0.28,1,0,0,0,0,0,13.21175
602,2014,9,10,201409,2014-10-09,-0.07,0,1,0,0,0,0,13.1976
603,2014,9,9,201409,2014-09-09,0.48,1,0,0,0,0,0,13.16965
604,2014,9,8,201409,2014-08-09,0.83,1,0,0,0,0,0,13.086500000000001
605,2014,9,5,201409,2014-05-09,-0.89,0,1,0,0,0,0,13.0915
606,2014,9,4,201409,2014-04-09,0.37,1,0,0,0,0,0,13.1236
607,2014,9,3,201409,2014-03-09,-0.09,0,1,0,0,0,0,13.10415
608,2014,9,2,201409,2014-02-09,0.08,1,0,0,0,0,0,13.10345
609,2014,9,1,201409,2014-01-09,0.09,1,0,0,0,0,0,13.093
610,2014,8,29,201408,2014-08-29,0.01,1,0,0,0,0,0,13.0879
611,2014,8,28,201408,2014-08-28,0.01,1,0,0,0,0,0,13.08545
612,2014,8,27,201408,2014-08-27,-0.1,0,1,0,0,0,0,13.090050000000002
613,2014,8,26,201408,2014-08-26,-0.41,0,1,0,0,0,0,13.12425
614,2014,8,25,201408,2014-08-25,0.09,1,0,0,0,0,0,13.1447
615,2014,8,22,201408,2014-08-22,0.24,1,0,0,0,0,0,13.1216
616,2014,8,21,201408,2014-08-21,-0.22,0,1,0,0,0,0,13.12255
617,2014,8,20,201408,2014-08-20,0.68,1,0,0,0,0,0,13.09125
618,2014,8,19,201408,2014-08-19,-0.0,0,0,0,0,0,0,13.04685
619,2014,8,18,201408,2014-08-18,-0.2,0,1,0,0,0,0,13.06245
620,2014,8,15,201408,2014-08-15,0.03,1,0,0,0,0,0,13.0735
621,2014,8,14,201408,2014-08-14,-0.5,0,1,0,0,0,0,13.10385
622,2014,8,13,201408,2014-08-13,0.0,0,0,0,0,0,0,13.13565
623,2014,8,12,201408,2014-12-08,-0.34,0,1,0,0,0,0,13.158249999999999
624,2014,8,11,201408,2014-11-08,-0.51,0,1,0,0,0,0,13.2134
625,2014,8,8,201408,2014-08-08,-0.23,0,1,0,0,0,0,13.264
626,2014,8,7,201408,2014-07-08,0.35,1,0,0,0,0,0,13.2559
627,2014,8,6,201408,2014-06-08,-0.44,0,1,0,0,0,0,13.2621
628,2014,8,5,201408,2014-05-08,0.73,1,0,0,0,0,0,13.24425
629,2014,8,4,201408,2014-04-08,0.1,1,0,0,0,0,0,13.189499999999999
630,2014,8,1,201408,2014-01-08,-0.27,0,1,0,0,0,0,13.19925
631,2014,7,31,201407,2014-07-31,0.49,1,0,0,0,0,0,13.185
632,2014,7,30,201407,2014-07-30,0.66,1,0,0,0,0,0,13.11105
633,2014,7,29,201407,2014-07-29,0.48,1,0,0,0,0,0,13.036349999999999
634,2014,7,28,201407,2014-07-28,0.48,1,0,0,0,0,0,12.9743
635,2014,7,25,201407,2014-07-25,-0.14,0,1,0,0,0,0,12.95175
636,2014,7,24,201407,2014-07-24,0.2,1,0,0,0,0,0,12.9463
637,2014,7,23,201407,2014-07-23,-0.08,0,1,0,0,0,0,12.940100000000001
638,2014,7,22,201407,2014-07-22,-0.2,0,1,0,0,0,0,12.95845
639,2014,7,21,201407,2014-07-21,0.18,1,0,0,0,0,0,12.9589
640,2014,7,18,201407,2014-07-18,-0.4,0,1,0,0,0,0,12.974499999999999
641,2014,7,17,201407,2014-07-17,0.66,1,0,0,0,0,0,12.95675
642,2014,7,16,201407,2014-07-16,-0.25,0,1,0,0,0,0,12.9314
643,2014,7,15,201407,2014-07-15,-0.05,0,1,0,0,0,0,12.9507
644,2014,7,14,201407,2014-07-14,-0.33,0,1,0,0,0,0,12.973949999999999
645,2014,7,11,201407,2014-11-07,0.03,1,0,0,0,0,0,12.99385
646,2014,7,10,201407,2014-10-07,0.17,1,0,0,0,0,0,12.98185
647,2014,7,9,201407,2014-09-07,-0.12,0,1,0,0,0,0,12.9772
648,2014,7,8,201407,2014-08-07,-0.28,0,1,0,0,0,0,13.0029
649,2014,7,7,201407,2014-07-07,0.36,1,0,0,0,0,0,12.9989
650,2014,7,4,201407,2014-04-07,0.16,1,0,0,0,0,0,12.9607
651,2014,7,3,201407,2014-03-07,-0.31,0,1,0,0,0,0,12.974499999999999
652,2014,7,2,201407,2014-02-07,0.41,1,0,0,0,0,0,12.9707
653,2014,7,1,201407,2014-01-07,-0.19,0,1,0,0,0,0,12.954899999999999
654,2014,6,30,201406,2014-06-30,0.04,1,0,0,0,0,0,12.965499999999999
655,2014,6,27,201406,2014-06-27,-0.43,0,1,0,0,0,0,12.9908
656,2014,6,26,201406,2014-06-26,0.09,1,0,0,0,0,0,13.0117
657,2014,6,25,201406,2014-06-25,-0.42,0,1,0,0,0,0,13.03405
658,2014,6,24,201406,2014-06-24,0.25,1,0,0,0,0,0,13.0445
659,2014,6,23,201406,2014-06-23,0.31,1,0,0,0,0,0,13.00875
660,2014,6,20,201406,2014-06-20,-0.27,0,1,0,0,0,0,13.00615
661,2014,6,19,201406,2014-06-19,0.35,1,0,0,0,0,0,12.9997
662,2014,6,18,201406,2014-06-18,-1.04,0,1,0,1,0,0,13.04675
663,2014,6,17,201406,2014-06-17,0.52,1,0,0,0,0,0,13.07935
664,2014,6,16,201406,2014-06-16,0.28,1,0,0,0,0,0,13.0311
665,2014,6,13,201406,2014-06-13,0.24,1,0,0,0,0,0,12.994
666,2014,6,12,201406,2014-12-06,-0.25,0,1,0,0,0,0,12.99285
667,2014,6,11,201406,2014-11-06,-0.07,0,1,0,0,0,0,13.0134
668,2014,6,10,201406,2014-10-06,-0.1,0,1,0,0,0,0,13.025500000000001
669,2014,6,9,201406,2014-09-06,0.8,1,0,0,0,0,0,12.98025
670,2014,6,6,201406,2014-06-06,0.48,1,0,0,0,0,0,12.8971
671,2014,6,5,201406,2014-05-06,-0.42,0,1,0,0,0,0,12.895
672,2014,6,4,201406,2014-04-06,-0.14,0,1,0,0,0,0,12.93065
673,2014,6,3,201406,2014-03-06,0.2,1,0,0,0,0,0,12.9265
674,2014,6,2,201406,2014-02-06,0.43,1,0,0,0,0,0,12.8885
675,2014,5,30,201405,2014-05-30,0.14,1,0,0,0,0,0,12.8496
676,2014,5,29,201405,2014-05-29,-0.27,0,1,0,0,0,0,12.857600000000001
677,2014,5,28,201405,2014-05-28,0.14,1,0,0,0,0,0,12.866050000000001
678,2014,5,27,201405,2014-05-27,-0.11,0,1,0,0,0,0,12.864249999999998
679,2014,5,26,201405,2014-05-26,0.11,1,0,0,0,0,0,12.8645
680,2014,5,23,201405,2014-05-23,-0.18,0,1,0,0,0,0,12.8691
681,2014,5,22,201405,2014-05-22,-0.36,0,1,0,0,0,0,12.904900000000001
682,2014,5,21,201405,2014-05-21,0.14,1,0,0,0,0,0,12.922350000000002
683,2014,5,20,201405,2014-05-20,0.07,1,0,0,0,0,0,12.90475
684,2014,5,19,201405,2014-05-19,-0.05,0,1,0,0,0,0,12.9046
685,2014,5,16,201405,2014-05-16,-0.4,0,1,0,0,0,0,12.93445
686,2014,5,15,201405,2014-05-15,0.47,1,0,0,0,0,0,12.924
687,2014,5,14,201405,2014-05-14,-0.08,0,1,0,0,0,0,12.90235
688,2014,5,13,201405,2014-05-13,-0.36,0,1,0,0,0,0,12.9345
689,2014,5,12,201405,2014-12-05,0.05,1,0,0,0,0,0,12.95195
690,2014,5,9,201405,2014-09-05,-0.0,0,0,0,0,0,0,12.947500000000002
691,2014,5,8,201405,2014-08-05,-0.14,0,1,0,0,0,0,12.95975
692,2014,5,7,201405,2014-07-05,-0.48,0,1,0,0,0,0,13.0
693,2014,5,6,201405,2014-06-05,-0.22,0,1,0,0,0,0,13.044
694,2014,5,5,201405,2014-05-05,0.33,1,0,0,0,0,0,13.035
695,2014,5,2,201405,2014-02-05,-0.22,0,1,0,0,0,0,13.03025
696,2014,5,1,201405,2014-01-05,-0.27,0,1,0,0,0,0,13.062850000000001
697,2014,4,30,201404,2014-04-30,-0.17,0,1,0,0,0,0,13.090900000000001
698,2014,4,29,201404,2014-04-29,-0.16,0,1,0,0,0,0,13.1128
699,2014,4,28,201404,2014-04-28,-0.06,0,1,0,0,0,0,13.124400000000001
700,2014,4,25,201404,2014-04-25,0.28,1,0,0,0,0,0,13.1171
701,2014,4,24,201404,2014-04-24,0.22,1,0,0,0,0,0,13.08125
702,2014,4,23,201404,2014-04-23,0.05,1,0,0,0,0,0,13.0627
703,2014,4,22,201404,2014-04-22,0.21,1,0,0,0,0,0,13.0439
704,2014,4,21,201404,2014-04-21,-0.08,0,1,0,0,0,0,13.0428
705,2014,4,18,201404,2014-04-18,-0.04,0,1,0,0,0,0,13.04635
706,2014,4,17,201404,2014-04-17,-0.13,0,1,0,0,0,0,13.0552
707,2014,4,16,201404,2014-04-16,-0.24,0,1,0,0,0,0,13.082650000000001
708,2014,4,15,201404,2014-04-15,0.55,1,0,0,0,0,0,13.0598
709,2014,4,14,201404,2014-04-14,-0.14,0,1,0,0,0,0,13.021
710,2014,4,11,201404,2014-11-04,-0.15,0,1,0,0,0,0,13.055150000000001
711,2014,4,10,201404,2014-10-04,0.64,1,0,0,0,0,0,13.02295
712,2014,4,9,201404,2014-09-04,-0.55,0,1,0,0,0,0,13.015
713,2014,4,8,201404,2014-08-04,0.33,1,0,0,0,0,0,13.02925
714,2014,4,7,201404,2014-07-04,0.04,1,0,0,0,0,0,13.00355
715,2014,4,4,201404,2014-04-04,-0.87,0,1,0,0,0,0,13.061350000000001
716,2014,4,3,201404,2014-03-04,0.21,1,0,0,0,0,0,13.102450000000001
717,2014,4,2,201404,2014-02-04,0.3,1,0,0,0,0,0,13.0665
718,2014,4,1,201404,2014-01-04,-0.05,0,1,0,0,0,0,13.058150000000001
719,2014,3,31,201403,2014-03-31,-0.12,0,1,0,0,0,0,13.057400000000001
720,2014,3,28,201403,2014-03-28,-0.09,0,1,0,0,0,0,13.07735
721,2014,3,27,201403,2014-03-27,-0.33,0,1,0,0,0,0,13.11175
722,2014,3,26,201403,2014-03-26,0.11,1,0,0,0,0,0,13.11965
723,2014,3,25,201403,2014-03-25,-0.49,0,1,0,0,0,0,13.1449
724,2014,3,24,201403,2014-03-24,-0.37,0,1,0,0,0,0,13.20025
725,2014,3,21,201403,2014-03-21,-0.24,0,1,0,0,0,0,13.24475
726,2014,3,20,201403,2014-03-20,-0.2,0,1,0,0,0,0,13.27835
727,2014,3,19,201403,2014-03-19,0.99,1,0,0,0,0,0,13.222100000000001
728,2014,3,18,201403,2014-03-18,-0.0,0,0,0,0,0,0,13.15615
729,2014,3,17,201403,2014-03-17,-0.4,0,1,0,0,0,0,13.184149999999999
730,2014,3,14,201403,2014-03-14,-0.62,0,1,0,0,0,0,13.25075
731,2014,3,13,201403,2014-03-13,0.37,1,0,0,0,0,0,13.267949999999999
732,2014,3,12,201403,2014-12-03,-0.28,0,1,0,0,0,0,13.2635
733,2014,3,11,201403,2014-11-03,0.49,1,0,0,0,0,0,13.24925
734,2014,3,10,201403,2014-10-03,0.17,1,0,0,0,0,0,13.196449999999999
735,2014,3,7,201403,2014-07-03,0.3,1,0,0,0,0,0,13.176549999999999
736,2014,3,6,201403,2014-06-03,-0.65,0,1,0,0,0,0,13.1957
737,2014,3,5,201403,2014-05-03,-0.33,0,1,0,0,0,0,13.2603
738,2014,3,4,201403,2014-04-03,-0.38,0,1,0,0,0,0,13.30685
739,2014,3,3,201403,2014-03-03,0.66,1,0,0,0,0,0,13.31715
740,2014,2,28,201402,2014-02-28,-0.13,0,1,0,0,0,0,13.251999999999999
741,2014,2,27,201402,2014-02-27,-0.53,0,1,0,0,0,0,13.2995
742,2014,2,26,201402,2014-02-26,0.77,1,0,0,0,0,0,13.281
743,2014,2,25,201402,2014-02-25,-0.22,0,1,0,0,0,0,13.2415
744,2014,2,24,201402,2014-02-24,-0.02,0,1,0,0,0,0,13.261600000000001
745,2014,2,21,201402,2014-02-21,-0.13,0,1,0,0,0,0,13.268650000000001
746,2014,2,20,201402,2014-02-20,-0.36,0,1,0,0,0,0,13.303
747,2014,2,19,201402,2014-02-19,0.68,1,0,0,0,0,0,13.2792
748,2014,2,18,201402,2014-02-18,0.2,1,0,0,0,0,0,13.221499999999999
749,2014,2,17,201402,2014-02-17,-0.24,0,1,0,0,0,0,13.2233
750,2014,2,14,201402,2014-02-14,-0.15,0,1,0,0,0,0,13.25605
751,2014,2,13,201402,2014-02-13,-0.46,0,1,0,0,0,0,13.2917
752,2014,2,12,201402,2014-12-02,0.29,1,0,0,0,0,0,13.3031
753,2014,2,11,201402,2014-11-02,-0.31,0,1,0,0,0,0,13.30595
754,2014,2,10,201402,2014-10-02,0.31,1,0,0,0,0,0,13.30285
755,2014,2,7,201402,2014-07-02,0.06,1,0,0,0,0,0,13.2783
756,2014,2,6,201402,2014-06-02,-0.11,0,1,0,0,0,0,13.27985
757,2014,2,5,201402,2014-05-02,-0.23,0,1,0,0,0,0,13.30725
758,2014,2,4,201402,2014-04-02,-1.62,0,1,0,1,0,1,13.431899999999999
759,2014,2,3,201402,2014-03-02,1.39,1,0,1,0,0,0,13.456499999999998
760,2014,1,31,201401,2014-01-31,-0.07,0,1,0,0,0,0,13.3601
761,2014,1,30,201401,2014-01-30,-0.25,0,1,0,0,0,0,13.38185
762,2014,1,29,201401,2014-01-29,1.08,1,0,1,0,0,0,13.3268
763,2014,1,28,201401,2014-01-28,-0.83,0,1,0,0,0,0,13.30925
764,2014,1,27,201401,2014-01-27,-0.68,0,1,0,0,0,0,13.410499999999999
765,2014,1,24,201401,2014-01-24,0.42,1,0,0,0,0,0,13.42575
766,2014,1,23,201401,2014-01-23,0.69,1,0,0,0,0,0,13.355
767,2014,1,22,201401,2014-01-22,0.24,1,0,0,0,0,0,13.2919
768,2014,1,21,201401,2014-01-21,0.29,1,0,0,0,0,0,13.25975
769,2014,1,20,201401,2014-01-20,-0.05,0,1,0,0,0,0,13.2424
770,2014,1,17,201401,2014-01-17,-0.22,0,1,0,0,0,0,13.259
771,2014,1,16,201401,2014-01-16,0.6,1,0,0,0,0,0,13.23475
772,2014,1,15,201401,2014-01-15,0.81,1,0,0,0,0,0,13.1415
773,2014,1,14,201401,2014-01-14,0.05,1,0,0,0,0,0,13.085
774,2014,1,13,201401,2014-01-13,0.92,1,0,0,0,0,0,13.022
775,2014,1,10,201401,2014-10-01,-0.94,0,1,0,0,0,0,13.024999999999999
776,2014,1,9,201401,2014-09-01,-0.35,0,1,0,0,0,0,13.10925
777,2014,1,8,201401,2014-08-01,0.9,1,0,0,0,0,0,13.072500000000002
778,2014,1,7,201401,2014-07-01,-0.55,0,1,0,0,0,0,13.049
779,2014,1,6,201401,2014-06-01,-0.13,0,1,0,0,0,0,13.097
780,2014,1,3,201401,2014-03-01,-0.38,0,1,0,0,0,0,13.1301
781,2014,1,2,201401,2014-02-01,0.87,1,0,0,0,0,0,13.0928
782,2014,1,1,201401,2014-01-01,0.03,1,0,0,0,0,0,13.04065
783,2013,12,31,201312,2013-12-31,-0.24,0,1,0,0,0,0,13.05025
784,2013,12,30,201312,2013-12-30,0.09,1,0,0,0,0,0,13.0713
785,2013,12,27,201312,2013-12-27,-0.18,0,1,0,0,0,0,13.067499999999999
786,2013,12,26,201312,2013-12-26,0.51,1,0,0,0,0,0,13.0475
787,2013,12,25,201312,2013-12-25,-0.15,0,1,0,0,0,0,13.021650000000001
788,2013,12,24,201312,2013-12-24,0.31,1,0,0,0,0,0,13.014399999999998
789,2013,12,23,201312,2013-12-23,0.15,1,0,0,0,0,0,12.98595
790,2013,12,20,201312,2013-12-20,0.11,1,0,0,0,0,0,12.97065
791,2013,12,19,201312,2013-12-19,0.62,1,0,0,0,0,0,12.92125
792,2013,12,18,201312,2013-12-18,-0.55,0,1,0,0,0,0,12.9143
793,2013,12,17,201312,2013-12-17,0.19,1,0,0,0,0,0,12.942499999999999
794,2013,12,16,201312,2013-12-16,0.36,1,0,0,0,0,0,12.90455
795,2013,12,13,201312,2013-12-13,-0.67,0,1,0,0,0,0,12.927299999999999
796,2013,12,12,201312,2013-12-12,-0.55,0,1,0,0,0,0,13.0039
797,2013,12,11,201312,2013-11-12,1.39,1,0,1,0,0,0,12.9498
798,2013,12,10,201312,2013-10-12,0.04,1,0,0,0,0,0,12.8595
799,2013,12,9,201312,2013-09-12,-0.61,0,1,0,0,0,0,12.89035
800,2013,12,6,201312,2013-06-12,-1.19,0,1,0,1,0,0,13.01225
801,2013,12,5,201312,2013-05-12,0.37,1,0,0,0,0,0,13.0701
802,2013,12,4,201312,2013-04-12,-0.51,0,1,0,0,0,0,13.075
803,2013,12,3,201312,2013-03-12,-0.81,0,1,0,0,0,0,13.160499999999999
804,2013,12,2,201312,2013-02-12,0.86,1,0,0,0,0,0,13.1615
805,2013,11,29,201311,2013-11-29,0.18,1,0,0,0,0,0,13.0895
806,2013,11,28,201311,2013-11-28,-0.32,0,1,0,0,0,0,13.099499999999999
807,2013,11,27,201311,2013-11-27,0.54,1,0,0,0,0,0,13.086500000000001
808,2013,11,26,201311,2013-11-26,0.04,1,0,0,0,0,0,13.0521
809,2013,11,25,201311,2013-11-25,0.62,1,0,0,0,0,0,13.0103
810,2013,11,22,201311,2013-11-22,-0.46,0,1,0,0,0,0,12.998850000000001
811,2013,11,21,201311,2013-11-21,-0.5,0,1,0,0,0,0,13.05835
812,2013,11,20,201311,2013-11-20,0.94,1,0,0,0,0,0,13.0303
813,2013,11,19,201311,2013-11-19,0.6,1,0,0,0,0,0,12.929749999999999
814,2013,11,18,201311,2013-11-18,-0.32,0,1,0,0,0,0,12.91135
815,2013,11,15,201311,2013-11-15,-0.23,0,1,0,0,0,0,12.95225
816,2013,11,14,201311,2013-11-14,-0.44,0,1,0,0,0,0,12.9947
817,2013,11,13,201311,2013-11-13,-1.18,0,1,0,1,0,0,13.096350000000001
818,2013,11,12,201311,2013-12-11,-0.3,0,1,0,0,0,0,13.1948
819,2013,11,11,201311,2013-11-11,0.35,1,0,0,0,0,0,13.203
820,2013,11,8,201311,2013-08-11,-0.42,0,1,0,0,0,0,13.19965
821,2013,11,7,201311,2013-07-11,0.35,1,0,0,0,0,0,13.199200000000001
822,2013,11,6,201311,2013-06-11,0.12,1,0,0,0,0,0,13.1659
823,2013,11,5,201311,2013-05-11,1.27,1,0,1,0,0,0,13.0806
824,2013,11,4,201311,2013-04-11,-0.49,0,1,0,0,0,0,13.031649999999999
825,2013,11,1,201311,2013-01-11,0.32,1,0,0,0,0,0,13.0427
826,2013,10,31,201310,2013-10-31,0.65,1,0,0,0,0,0,12.9762
827,2013,10,30,201310,2013-10-30,0.13,1,0,0,0,0,0,12.93095
828,2013,10,29,201310,2013-10-29,0.32,1,0,0,0,0,0,12.89565
829,2013,10,28,201310,2013-10-28,-0.04,0,1,0,0,0,0,12.8784
830,2013,10,25,201310,2013-10-25,-0.64,0,1,0,0,0,0,12.92125
831,2013,10,24,201310,2013-10-24,-0.22,0,1,0,0,0,0,12.982
832,2013,10,23,201310,2013-10-23,1.16,1,0,1,0,0,0,12.9195
833,2013,10,22,201310,2013-10-22,-1.12,0,1,0,1,0,0,12.91725
834,2013,10,21,201310,2013-10-21,1.04,1,0,1,0,0,0,12.915
835,2013,10,18,201310,2013-10-18,0.6,1,0,0,0,0,0,12.81515
836,2013,10,17,201310,2013-10-17,-0.5,0,1,0,0,0,0,12.813649999999999
837,2013,10,16,201310,2013-10-16,-1.15,0,1,0,1,0,0,12.917000000000002
838,2013,10,15,201310,2013-10-15,-0.01,0,1,0,0,0,0,12.992899999999999
839,2013,10,14,201310,2013-10-14,0.02,1,0,0,0,0,0,12.988199999999999
840,2013,10,11,201310,2013-11-10,-0.79,0,1,0,0,0,0,13.044450000000001
841,2013,10,10,201310,2013-10-10,-0.7,0,1,0,0,0,0,13.1391
842,2013,10,9,201310,2013-09-10,-0.29,0,1,0,0,0,0,13.205
843,2013,10,8,201310,2013-08-10,0.65,1,0,0,0,0,0,13.17935
844,2013,10,7,201310,2013-07-10,0.41,1,0,0,0,0,0,13.10685
845,2013,10,4,201310,2013-04-10,-0.56,0,1,0,0,0,0,13.1233
846,2013,10,3,201310,2013-03-10,0.34,1,0,0,0,0,0,13.13635
847,2013,10,2,201310,2013-02-10,-0.31,0,1,0,0,0,0,13.13515
848,2013,10,1,201310,2013-01-10,0.49,1,0,0,0,0,0,13.122499999999999
849,2013,9,30,201309,2013-09-30,-0.37,0,1,0,0,0,0,13.14185
850,2013,9,27,201309,2013-09-27,0.56,1,0,0,0,0,0,13.1051
851,2013,9,26,201309,2013-09-26,0.43,1,0,0,0,0,0,13.0415
852,2013,9,25,201309,2013-09-25,0.48,1,0,0,0,0,0,12.97755
853,2013,9,24,201309,2013-09-24,1.11,1,0,1,0,0,0,12.8722
854,2013,9,23,201309,2013-09-23,-0.4,0,1,0,0,0,0,12.83
855,2013,9,20,201309,2013-09-20,1.22,1,0,1,0,0,0,12.779
856,2013,9,19,201309,2013-09-19,0.34,1,0,0,0,0,0,12.6778
857,2013,9,18,201309,2013-09-18,-2.05,0,1,0,1,0,1,12.7927
858,2013,9,17,201309,2013-09-17,-0.05,0,1,0,0,0,0,12.9276
859,2013,9,16,201309,2013-09-16,-0.85,0,1,0,0,0,0,12.986
860,2013,9,13,201309,2013-09-13,-0.13,0,1,0,0,0,0,13.05125
861,2013,9,12,201309,2013-12-09,0.06,1,0,0,0,0,0,13.050650000000001
862,2013,9,11,201309,2013-11-09,-0.29,0,1,0,0,0,0,13.0699
863,2013,9,10,201309,2013-10-09,-0.12,0,1,0,0,0,0,13.0981
864,2013,9,9,201309,2013-09-09,-0.51,0,1,0,0,0,0,13.1412
865,2013,9,6,201309,2013-06-09,-1.57,0,1,0,1,0,1,13.277750000000001
866,2013,9,5,201309,2013-05-09,0.56,1,0,0,0,0,0,13.34685
867,2013,9,4,201309,2013-04-09,-0.58,0,1,0,0,0,0,13.350349999999999
868,2013,9,3,201309,2013-03-09,0.38,1,0,0,0,0,0,13.34525
869,2013,9,2,201309,2013-02-09,-0.34,0,1,0,0,0,0,13.35025
870,2013,8,30,201308,2013-08-30,0.17,1,0,0,0,0,0,13.37055
871,2013,8,29,201308,2013-08-29,0.31,1,0,0,0,0,0,13.34035
872,2013,8,28,201308,2013-08-28,0.65,1,0,0,0,0,0,13.2716
873,2013,8,27,201308,2013-08-27,0.33,1,0,0,0,0,0,13.2092
874,2013,8,26,201308,2013-08-26,1.79,1,0,1,0,1,0,13.0825
875,2013,8,23,201308,2013-08-23,-1.02,0,1,0,1,0,0,13.02305
876,2013,8,22,201308,2013-08-22,-1.28,0,1,0,1,0,0,13.17435
877,2013,8,21,201308,2013-08-21,2.19,1,0,1,0,1,0,13.1174
878,2013,8,20,201308,2013-08-20,-0.8,0,1,0,0,0,0,13.027899999999999
879,2013,8,19,201308,2013-08-19,1.31,1,0,1,0,0,0,12.99315
880,2013,8,16,201308,2013-08-16,0.74,1,0,0,0,0,0,12.86485
881,2013,8,15,201308,2013-08-15,0.62,1,0,0,0,0,0,12.776
882,2013,8,14,201308,2013-08-14,0.08,1,0,0,0,0,0,12.73065
883,2013,8,13,201308,2013-08-13,0.38,1,0,0,0,0,0,12.706900000000001
884,2013,8,12,201308,2013-12-08,0.5,1,0,0,0,0,0,12.6465
885,2013,8,9,201308,2013-09-08,0.1,1,0,0,0,0,0,12.60975
886,2013,8,8,201308,2013-08-08,-0.92,0,1,0,0,0,0,12.66
887,2013,8,7,201308,2013-07-08,0.79,1,0,0,0,0,0,12.673
888,2013,8,6,201308,2013-06-08,-0.18,0,1,0,0,0,0,12.63115
889,2013,8,5,201308,2013-05-08,-0.15,0,1,0,0,0,0,12.651
890,2013,8,2,201308,2013-02-08,-1.32,0,1,0,1,0,0,12.7458
891,2013,8,1,201308,2013-01-08,0.78,1,0,0,0,0,0,12.7834
892,2013,7,31,201307,2013-07-31,-0.24,0,1,0,0,0,0,12.746749999999999
893,2013,7,30,201307,2013-07-30,0.03,1,0,0,0,0,0,12.75895
894,2013,7,29,201307,2013-07-29,0.65,1,0,0,0,0,0,12.71235
895,2013,7,26,201307,2013-07-26,0.6,1,0,0,0,0,0,12.639
896,2013,7,25,201307,2013-07-25,-0.18,0,1,0,0,0,0,12.60825
897,2013,7,24,201307,2013-07-24,1.04,1,0,1,0,0,0,12.561
898,2013,7,23,201307,2013-07-23,-0.04,0,1,0,0,0,0,12.4985
899,2013,7,22,201307,2013-07-22,-0.25,0,1,0,0,0,0,12.5164
900,2013,7,19,201307,2013-07-19,0.24,1,0,0,0,0,0,12.5165
901,2013,7,18,201307,2013-07-18,0.34,1,0,0,0,0,0,12.4855
902,2013,7,17,201307,2013-07-17,-1.27,0,1,0,1,0,0,12.54325
903,2013,7,16,201307,2013-07-16,-0.36,0,1,0,0,0,0,12.64345
904,2013,7,15,201307,2013-07-15,-1.18,0,1,0,1,0,0,12.74175
905,2013,7,12,201307,2013-12-07,0.09,1,0,0,0,0,0,12.812999999999999
906,2013,7,11,201307,2013-11-07,-0.73,0,1,0,0,0,0,12.8525
907,2013,7,10,201307,2013-10-07,0.03,1,0,0,0,0,0,12.8994
908,2013,7,9,201307,2013-09-07,0.09,1,0,0,0,0,0,12.88415
909,2013,7,8,201307,2013-08-07,-1.47,0,1,0,1,0,0,12.979949999999999
910,2013,7,5,201307,2013-05-07,1.25,1,0,1,0,0,0,12.99435
911,2013,7,4,201307,2013-04-07,-0.3,0,1,0,0,0,0,12.93585
912,2013,7,3,201307,2013-03-07,-0.76,0,1,0,0,0,0,12.998349999999999
913,2013,7,2,201307,2013-02-07,0.74,1,0,0,0,0,0,13.008700000000001
914,2013,7,1,201307,2013-01-07,0.08,1,0,0,0,0,0,12.962
915,2013,6,28,201306,2013-06-28,-0.58,0,1,0,0,0,0,12.9825
916,2013,6,27,201306,2013-06-27,-1.05,0,1,0,1,0,0,13.09085
917,2013,6,26,201306,2013-06-26,-0.46,0,1,0,0,0,0,13.188749999999999
918,2013,6,25,201306,2013-06-25,-0.56,0,1,0,0,0,0,13.26265
919,2013,6,24,201306,2013-06-24,-0.07,0,1,0,0,0,0,13.302900000000001
920,2013,6,21,201306,2013-06-21,-0.46,0,1,0,0,0,0,13.336
921,2013,6,20,201306,2013-06-20,0.92,1,0,0,0,0,0,13.304200000000002
922,2013,6,19,201306,2013-06-19,2.72,1,0,1,0,1,0,13.069600000000001
923,2013,6,18,201306,2013-06-18,0.45,1,0,0,0,0,0,12.86445
924,2013,6,17,201306,2013-06-17,1.01,1,0,1,0,0,0,12.776499999999999
925,2013,6,14,201306,2013-06-14,0.63,1,0,0,0,0,0,12.66625
926,2013,6,13,201306,2013-06-13,-2.32,0,1,0,1,0,1,12.774999999999999
927,2013,6,12,201306,2013-12-06,0.77,1,0,0,0,0,0,12.8763
928,2013,6,11,201306,2013-11-06,-0.68,0,1,0,0,0,0,12.872
929,2013,6,10,201306,2013-10-06,1.16,1,0,1,0,0,0,12.840900000000001
930,2013,6,7,201306,2013-07-06,-0.26,0,1,0,0,0,0,12.787700000000001
931,2013,6,6,201306,2013-06-06,-0.44,0,1,0,0,0,0,12.829799999999999
932,2013,6,5,201306,2013-05-06,1.13,1,0,1,0,0,0,12.78395
933,2013,6,4,201306,2013-04-06,-0.22,0,1,0,0,0,0,12.726199999999999
934,2013,6,3,201306,2013-03-06,-0.53,0,1,0,0,0,0,12.7741
935,2013,5,31,201305,2013-05-31,0.12,1,0,0,0,0,0,12.79615
936,2013,5,30,201305,2013-05-30,1.12,1,0,1,0,0,0,12.724150000000002
937,2013,5,29,201305,2013-05-29,0.13,1,0,0,0,0,0,12.64
938,2013,5,28,201305,2013-05-28,1.32,1,0,1,0,0,0,12.55105
939,2013,5,27,201305,2013-05-27,-0.58,0,1,0,0,0,0,12.48935
940,2013,5,24,201305,2013-05-24,1.17,1,0,1,0,0,0,12.469750000000001
941,2013,5,23,201305,2013-05-23,-0.2,0,1,0,0,0,0,12.4085
942,2013,5,22,201305,2013-05-22,0.7,1,0,0,0,0,0,12.38105
943,2013,5,21,201305,2013-05-21,0.32,1,0,0,0,0,0,12.3178
944,2013,5,20,201305,2013-05-20,-0.38,0,1,0,0,0,0,12.313400000000001
945,2013,5,17,201305,2013-05-17,0.56,1,0,0,0,0,0,12.3158
946,2013,5,16,201305,2013-05-16,0.59,1,0,0,0,0,0,12.24185
947,2013,5,15,201305,2013-05-15,0.07,1,0,0,0,0,0,12.2004
948,2013,5,14,201305,2013-05-14,0.24,1,0,0,0,0,0,12.18035
949,2013,5,13,201305,2013-05-13,0.67,1,0,0,0,0,0,12.1182
950,2013,5,10,201305,2013-10-05,0.75,1,0,0,0,0,0,12.042449999999999
951,2013,5,9,201305,2013-09-05,0.14,1,0,0,0,0,0,11.9856
952,2013,5,8,201305,2013-08-05,-0.42,0,1,0,0,0,0,12.00405
953,2013,5,7,201305,2013-07-05,-0.66,0,1,0,0,0,0,12.068000000000001
954,2013,5,6,201305,2013-06-05,0.29,1,0,0,0,0,0,12.08225
955,2013,5,3,201305,2013-03-05,-0.81,0,1,0,0,0,0,12.123999999999999
956,2013,5,2,201305,2013-02-05,-0.22,0,1,0,0,0,0,12.1856
957,2013,5,1,201305,2013-01-05,0.54,1,0,0,0,0,0,12.167300000000001
958,2013,4,30,201304,2013-04-30,-0.61,0,1,0,0,0,0,12.17075
959,2013,4,29,201304,2013-04-29,0.53,1,0,0,0,0,0,12.17335
960,2013,4,26,201304,2013-04-26,-0.2,0,1,0,0,0,0,12.153500000000001
961,2013,4,25,201304,2013-04-25,-0.02,0,1,0,0,0,0,12.16985
962,2013,4,24,201304,2013-04-24,-0.6,0,1,0,0,0,0,12.2066
963,2013,4,23,201304,2013-04-23,-0.25,0,1,0,0,0,0,12.261199999999999
964,2013,4,22,201304,2013-04-22,0.11,1,0,0,0,0,0,12.268
965,2013,4,19,201304,2013-04-19,-0.09,0,1,0,0,0,0,12.2675
966,2013,4,18,201304,2013-04-18,0.52,1,0,0,0,0,0,12.2403
967,2013,4,17,201304,2013-04-17,0.51,1,0,0,0,0,0,12.17745
968,2013,4,16,201304,2013-04-16,-1.11,0,1,0,1,0,0,12.214400000000001
969,2013,4,15,201304,2013-04-15,1.73,1,0,1,0,1,0,12.1835
970,2013,4,12,201304,2013-12-04,0.25,1,0,0,0,0,0,12.0609
971,2013,4,11,201304,2013-11-04,-0.51,0,1,0,0,0,0,12.076
972,2013,4,10,201304,2013-10-04,-0.32,0,1,0,0,0,0,12.12715
973,2013,4,9,201304,2013-09-04,-0.4,0,1,0,0,0,0,12.1701
974,2013,4,8,201304,2013-08-04,0.15,1,0,0,0,0,0,12.1945
975,2013,4,5,201304,2013-05-04,-1.08,0,1,0,1,0,0,12.240649999999999
976,2013,4,4,201304,2013-04-04,-0.31,0,1,0,0,0,0,12.32655
977,2013,4,3,201304,2013-03-04,0.57,1,0,0,0,0,0,12.3095
978,2013,4,2,201304,2013-02-04,-0.71,0,1,0,0,0,0,12.319749999999999
979,2013,4,1,201304,2013-01-04,0.39,1,0,0,0,0,0,12.3539
980,2013,3,29,201303,2013-03-29,-0.32,0,1,0,0,0,0,12.33675
981,2013,3,28,201303,2013-03-28,0.16,1,0,0,0,0,0,12.345600000000001
982,2013,3,27,201303,2013-03-27,-0.13,0,1,0,0,0,0,12.3457
983,2013,3,26,201303,2013-03-26,0.01,1,0,0,0,0,0,12.354199999999999
984,2013,3,25,201303,2013-03-25,-0.0,0,0,0,0,0,0,12.350999999999999
985,2013,3,22,201303,2013-03-22,-0.61,0,1,0,0,0,0,12.39035
986,2013,3,21,201303,2013-03-21,0.65,1,0,0,0,0,0,12.3895
987,2013,3,20,201303,2013-03-20,-0.73,0,1,0,0,0,0,12.39315
988,2013,3,19,201303,2013-03-19,0.18,1,0,0,0,0,0,12.42555
989,2013,3,18,201303,2013-03-18,-0.16,0,1,0,0,0,0,12.428
990,2013,3,15,201303,2013-03-15,0.09,1,0,0,0,0,0,12.42795
991,2013,3,14,201303,2013-03-14,-0.07,0,1,0,0,0,0,12.42955
992,2013,3,13,201303,2013-03-13,-0.09,0,1,0,0,0,0,12.4376
993,2013,3,12,201303,2013-12-03,-0.76,0,1,0,0,0,0,12.4939
994,2013,3,11,201303,2013-11-03,-0.69,0,1,0,0,0,0,12.581949999999999
995,2013,3,8,201303,2013-08-03,-1.03,0,1,0,1,0,0,12.693
996,2013,3,7,201303,2013-07-03,-0.18,0,1,0,0,0,0,12.76975
997,2013,3,6,201303,2013-06-03,0.63,1,0,0,0,0,0,12.7426
998,2013,3,5,201303,2013-05-03,-0.34,0,1,0,0,0,0,12.7224
999,2013,3,4,201303,2013-04-03,-0.1,0,1,0,0,0,0,12.748850000000001
1000,2013,3,1,201303,2013-01-03,-0.16,0,1,0,0,0,0,12.7695
1001,2013,2,28,201302,2013-02-28,0.11,1,0,0,0,0,0,12.77155
1002,2013,2,27,201302,2013-02-27,-0.61,0,1,0,0,0,0,12.8019
1003,2013,2,26,201302,2013-02-26,0.34,1,0,0,0,0,0,12.81985
1004,2013,2,25,201302,2013-02-25,0.74,1,0,0,0,0,0,12.745899999999999
1005,2013,2,22,201302,2013-02-22,-0.32,0,1,0,0,0,0,12.72875
1006,2013,2,21,201302,2013-02-21,0.16,1,0,0,0,0,0,12.735
1007,2013,2,20,201302,2013-02-20,0.74,1,0,0,0,0,0,12.6784
1008,2013,2,19,201302,2013-02-19,-0.42,0,1,0,0,0,0,12.65955
1009,2013,2,18,201302,2013-02-18,-0.04,0,1,0,0,0,0,12.6784
1010,2013,2,15,201302,2013-02-15,-0.05,0,1,0,0,0,0,12.6965
1011,2013,2,14,201302,2013-02-14,0.08,1,0,0,0,0,0,12.690650000000002
1012,2013,2,13,201302,2013-02-13,-0.05,0,1,0,0,0,0,12.6935
1013,2013,2,12,201302,2013-12-02,-0.32,0,1,0,0,0,0,12.7118
1014,2013,2,11,201302,2013-11-02,0.08,1,0,0,0,0,0,12.73085
1015,2013,2,8,201302,2013-08-02,-0.04,0,1,0,0,0,0,12.725000000000001
1016,2013,2,7,201302,2013-07-02,0.37,1,0,0,0,0,0,12.705400000000001
1017,2013,2,6,201302,2013-06-02,0.4,1,0,0,0,0,0,12.657399999999999
1018,2013,2,5,201302,2013-05-02,-0.62,0,1,0,0,0,0,12.67065
1019,2013,2,4,201302,2013-04-02,0.83,1,0,0,0,0,0,12.65075
1020,2013,2,1,201302,2013-01-02,-0.81,0,1,0,0,0,0,12.6568
1021,2013,1,31,201301,2013-01-31,-0.08,0,1,0,0,0,0,12.7153
1022,2013,1,30,201301,2013-01-30,0.01,1,0,0,0,0,0,12.7156
1023,2013,1,29,201301,2013-01-29,-0.39,0,1,0,0,0,0,12.74325
1024,2013,1,28,201301,2013-01-28,0.48,1,0,0,0,0,0,12.729500000000002
1025,2013,1,25,201301,2013-01-25,0.56,1,0,0,0,0,0,12.66975
1026,2013,1,24,201301,2013-01-24,-0.45,0,1,0,0,0,0,12.663599999999999
1027,2013,1,23,201301,2013-01-23,0.59,1,0,0,0,0,0,12.65695
1028,2013,1,22,201301,2013-01-22,-0.64,0,1,0,0,0,0,12.6548
1029,2013,1,21,201301,2013-01-21,0.3,1,0,0,0,0,0,12.6843
1030,2013,1,18,201301,2013-01-18,0.6,1,0,0,0,0,0,12.623249999999999
1031,2013,1,17,201301,2013-01-17,-0.28,0,1,0,0,0,0,12.60325
1032,2013,1,16,201301,2013-01-16,0.09,1,0,0,0,0,0,12.61715
1033,2013,1,15,201301,2013-01-15,0.14,1,0,0,0,0,0,12.602599999999999
1034,2013,1,14,201301,2013-01-14,-0.46,0,1,0,0,0,0,12.6151
1035,2013,1,11,201301,2013-11-01,0.35,1,0,0,0,0,0,12.6313
1036,2013,1,10,201301,2013-10-01,-0.91,0,1,0,0,0,0,12.659849999999999
1037,2013,1,9,201301,2013-09-01,-0.63,0,1,0,0,0,0,12.7612
1038,2013,1,8,201301,2013-08-01,0.28,1,0,0,0,0,0,12.78375
1039,2013,1,7,201301,2013-07-01,0.2,1,0,0,0,0,0,12.74945
1040,2013,1,4,201301,2013-04-01,-0.49,0,1,0,0,0,0,12.7745
1041,2013,1,3,201301,2013-03-01,0.46,1,0,0,0,0,0,12.775749999999999
1042,2013,1,2,201301,2013-02-01,-1.0,0,1,0,0,0,0,12.810749999999999
1043,2013,1,1,201301,2013-01-01,0.07,1,0,0,0,0,0,12.8702
1044,2012,12,31,201212,2012-12-31,-1.22,0,1,0,1,0,0,12.9413
1045,2012,12,28,201212,2012-12-28,0.36,1,0,0,0,0,0,13.001999999999999
1046,2012,12,27,201212,2012-12-27,-0.28,0,1,0,0,0,0,12.99695
1047,2012,12,26,201212,2012-12-26,0.17,1,0,0,0,0,0,13.0028
1048,2012,12,25,201212,2012-12-25,0.14,1,0,0,0,0,0,12.98415
1049,2012,12,24,201212,2012-12-24,0.37,1,0,0,0,0,0,12.9552
1050,2012,12,21,201212,2012-12-21,1.3,1,0,1,0,0,0,12.84835
1051,2012,12,20,201212,2012-12-20,-0.04,0,1,0,0,0,0,12.76445
1052,2012,12,19,201212,2012-12-19,0.37,1,0,0,0,0,0,12.740950000000002
1053,2012,12,18,201212,2012-12-18,-0.01,0,1,0,0,0,0,12.719000000000001
1054,2012,12,17,201212,2012-12-17,-0.16,0,1,0,0,0,0,12.7286
1055,2012,12,14,201212,2012-12-14,-0.45,0,1,0,0,0,0,12.7729
1056,2012,12,13,201212,2012-12-13,0.44,1,0,0,0,0,0,12.772300000000001
1057,2012,12,12,201212,2012-12-12,0.05,1,0,0,0,0,0,12.74085
1058,2012,12,11,201212,2012-11-12,-0.57,0,1,0,0,0,0,12.771
1059,2012,12,10,201212,2012-10-12,-0.32,0,1,0,0,0,0,12.8357
1060,2012,12,7,201212,2012-07-12,-0.16,0,1,0,0,0,0,12.8596
1061,2012,12,6,201212,2012-06-12,-0.44,0,1,0,0,0,0,12.8977
1062,2012,12,5,201212,2012-05-12,-0.15,0,1,0,0,0,0,12.93405
1063,2012,12,4,201212,2012-04-12,-0.38,0,1,0,0,0,0,12.9712
1064,2012,12,3,201212,2012-03-12,0.36,1,0,0,0,0,0,12.975549999999998
1065,2012,11,30,201211,2012-11-30,0.02,1,0,0,0,0,0,12.948550000000001
1066,2012,11,29,201211,2012-11-29,-0.2,0,1,0,0,0,0,12.958950000000002
1067,2012,11,28,201211,2012-11-28,-0.52,0,1,0,0,0,0,13.005500000000001
1068,2012,11,27,201211,2012-11-27,0.16,1,0,0,0,0,0,13.02675
1069,2012,11,26,201211,2012-11-26,0.52,1,0,0,0,0,0,12.98365
1070,2012,11,23,201211,2012-11-23,-0.61,0,1,0,0,0,0,12.9947
1071,2012,11,22,201211,2012-11-22,-0.21,0,1,0,0,0,0,13.0433
1072,2012,11,21,201211,2012-11-21,0.43,1,0,0,0,0,0,13.0313
1073,2012,11,20,201211,2012-11-20,-0.39,0,1,0,0,0,0,13.03115
1074,2012,11,19,201211,2012-11-19,-0.59,0,1,0,0,0,0,13.09375
1075,2012,11,16,201211,2012-11-16,-0.58,0,1,0,0,0,0,13.17175
1076,2012,11,15,201211,2012-11-15,-0.5,0,1,0,0,0,0,13.24225
1077,2012,11,14,201211,2012-11-14,0.21,1,0,0,0,0,0,13.25985
1078,2012,11,13,201211,2012-11-13,0.26,1,0,0,0,0,0,13.229099999999999
1079,2012,11,12,201211,2012-12-11,0.11,1,0,0,0,0,0,13.20425
1080,2012,11,9,201211,2012-09-11,0.15,1,0,0,0,0,0,13.1875
1081,2012,11,8,201211,2012-08-11,0.82,1,0,0,0,0,0,13.1248
1082,2012,11,7,201211,2012-07-11,0.85,1,0,0,0,0,0,13.0196
1083,2012,11,6,201211,2012-06-11,-0.62,0,1,0,0,0,0,12.9998
1084,2012,11,5,201211,2012-05-11,0.02,1,0,0,0,0,0,13.0335
1085,2012,11,2,201211,2012-02-11,0.25,1,0,0,0,0,0,13.023399999999999
1086,2012,11,1,201211,2012-01-11,-0.71,0,1,0,0,0,0,13.0495
1087,2012,10,31,201210,2012-10-31,0.19,1,0,0,0,0,0,13.082699999999999
1088,2012,10,30,201210,2012-10-30,0.01,1,0,0,0,0,0,13.07775
1089,2012,10,29,201210,2012-10-29,0.63,1,0,0,0,0,0,13.03765
1090,2012,10,26,201210,2012-10-26,-0.18,0,1,0,0,0,0,13.00245
1091,2012,10,25,201210,2012-10-25,0.16,1,0,0,0,0,0,13.00355
1092,2012,10,24,201210,2012-10-24,0.16,1,0,0,0,0,0,12.9832
1093,2012,10,23,201210,2012-10-23,0.91,1,0,0,0,0,0,12.9155
1094,2012,10,22,201210,2012-10-22,-0.24,0,1,0,0,0,0,12.871400000000001
1095,2012,10,19,201210,2012-10-19,0.34,1,0,0,0,0,0,12.862300000000001
1096,2012,10,18,201210,2012-10-18,0.44,1,0,0,0,0,0,12.8189
1097,2012,10,17,201210,2012-10-17,-0.37,0,1,0,0,0,0,12.811250000000001
1098,2012,10,16,201210,2012-10-16,0.24,1,0,0,0,0,0,12.81865
1099,2012,10,15,201210,2012-10-15,-0.53,0,1,0,0,0,0,12.83325
1100,2012,10,12,201210,2012-12-10,-0.31,0,1,0,0,0,0,12.8875
1101,2012,10,11,201210,2012-11-10,-0.49,0,1,0,0,0,0,12.94015
1102,2012,10,10,201210,2012-10-10,0.77,1,0,0,0,0,0,12.92975
1103,2012,10,9,201210,2012-09-10,0.61,1,0,0,0,0,0,12.83705
1104,2012,10,8,201210,2012-08-10,0.03,1,0,0,0,0,0,12.788150000000002
1105,2012,10,5,201210,2012-05-10,0.27,1,0,0,0,0,0,12.7797
1106,2012,10,4,201210,2012-04-10,-0.46,0,1,0,0,0,0,12.788499999999999
1107,2012,10,3,201210,2012-03-10,-0.29,0,1,0,0,0,0,12.8367
1108,2012,10,2,201210,2012-02-10,0.22,1,0,0,0,0,0,12.8415
1109,2012,10,1,201210,2012-01-10,-0.25,0,1,0,0,0,0,12.847
1110,2012,9,28,201209,2012-09-28,0.24,1,0,0,0,0,0,12.8418
1111,2012,9,27,201209,2012-09-27,-0.32,0,1,0,0,0,0,12.84935
1112,2012,9,26,201209,2012-09-26,0.07,1,0,0,0,0,0,12.8636
1113,2012,9,25,201209,2012-09-25,-0.41,0,1,0,0,0,0,12.8888
1114,2012,9,24,201209,2012-09-24,0.47,1,0,0,0,0,0,12.8911
1115,2012,9,21,201209,2012-09-21,-0.03,0,1,0,0,0,0,12.856
1116,2012,9,20,201209,2012-09-20,0.01,1,0,0,0,0,0,12.86025
1117,2012,9,19,201209,2012-09-19,0.48,1,0,0,0,0,0,12.82605
1118,2012,9,18,201209,2012-09-18,0.21,1,0,0,0,0,0,12.7811
1119,2012,9,17,201209,2012-09-17,0.42,1,0,0,0,0,0,12.74685
1120,2012,9,14,201209,2012-09-14,-0.78,0,1,0,0,0,0,12.7634
1121,2012,9,13,201209,2012-09-13,-1.54,0,1,0,1,0,1,12.91605
1122,2012,9,12,201209,2012-12-09,0.2,1,0,0,0,0,0,12.99875
1123,2012,9,11,201209,2012-11-09,-0.72,0,1,0,0,0,0,13.033249999999999
1124,2012,9,10,201209,2012-10-09,0.79,1,0,0,0,0,0,13.02675
1125,2012,9,7,201209,2012-07-09,-0.58,0,1,0,0,0,0,13.0226
1126,2012,9,6,201209,2012-06-09,-0.43,0,1,0,0,0,0,13.08755
1127,2012,9,5,201209,2012-05-09,-0.49,0,1,0,0,0,0,13.1482
1128,2012,9,4,201209,2012-04-09,-0.06,0,1,0,0,0,0,13.18155
1129,2012,9,3,201209,2012-03-09,-0.04,0,1,0,0,0,0,13.1957
1130,2012,8,31,201208,2012-08-31,-1.17,0,1,0,1,0,0,13.27065
1131,2012,8,30,201208,2012-08-30,0.34,1,0,0,0,0,0,13.32365
1132,2012,8,29,201208,2012-08-29,0.87,1,0,0,0,0,0,13.24995
1133,2012,8,28,201208,2012-08-28,-0.03,0,1,0,0,0,0,13.1913
1134,2012,8,27,201208,2012-08-27,0.17,1,0,0,0,0,0,13.186
1135,2012,8,24,201208,2012-08-24,0.1,1,0,0,0,0,0,13.1669
1136,2012,8,23,201208,2012-08-23,0.64,1,0,0,0,0,0,13.115649999999999
1137,2012,8,22,201208,2012-08-22,-0.54,0,1,0,0,0,0,13.10785
1138,2012,8,21,201208,2012-08-21,0.3,1,0,0,0,0,0,13.12735
1139,2012,8,20,201208,2012-08-20,-0.13,0,1,0,0,0,0,13.11035
1140,2012,8,17,201208,2012-08-17,-0.39,0,1,0,0,0,0,13.1493
1141,2012,8,16,201208,2012-08-16,0.32,1,0,0,0,0,0,13.1547
1142,2012,8,15,201208,2012-08-15,-0.36,0,1,0,0,0,0,13.15645
1143,2012,8,14,201208,2012-08-14,0.24,1,0,0,0,0,0,13.16295
1144,2012,8,13,201208,2012-08-13,0.49,1,0,0,0,0,0,13.1164
1145,2012,8,10,201208,2012-10-08,-0.05,0,1,0,0,0,0,13.08005
1146,2012,8,9,201208,2012-09-08,-0.44,0,1,0,0,0,0,13.1186
1147,2012,8,8,201208,2012-08-08,-0.58,0,1,0,0,0,0,13.185649999999999
1148,2012,8,7,201208,2012-07-08,0.24,1,0,0,0,0,0,13.21025
1149,2012,8,6,201208,2012-06-08,0.43,1,0,0,0,0,0,13.17225
1150,2012,8,3,201208,2012-03-08,-1.67,0,1,0,1,0,1,13.24785
1151,2012,8,2,201208,2012-02-08,-0.19,0,1,0,0,0,0,13.372
1152,2012,8,1,201208,2012-01-08,0.43,1,0,0,0,0,0,13.3555
1153,2012,7,31,201207,2012-07-31,0.45,1,0,0,0,0,0,13.2973
1154,2012,7,30,201207,2012-07-30,0.22,1,0,0,0,0,0,13.2466
1155,2012,7,27,201207,2012-07-27,-1.32,0,1,0,1,0,0,13.32755
1156,2012,7,26,201207,2012-07-26,-1.33,0,1,0,1,0,0,13.50615
1157,2012,7,25,201207,2012-07-25,-0.84,0,1,0,0,0,0,13.6479
1158,2012,7,24,201207,2012-07-24,0.9,1,0,0,0,0,0,13.6468
1159,2012,7,23,201207,2012-07-23,1.68,1,0,1,0,1,0,13.4702
1160,2012,7,20,201207,2012-07-20,1.05,1,0,1,0,0,0,13.29405
1161,2012,7,19,201207,2012-07-19,0.41,1,0,0,0,0,0,13.19765
1162,2012,7,18,201207,2012-07-18,0.09,1,0,0,0,0,0,13.1651
1163,2012,7,17,201207,2012-07-17,-0.43,0,1,0,0,0,0,13.1863
1164,2012,7,16,201207,2012-07-16,-0.57,0,1,0,0,0,0,13.256350000000001
1165,2012,7,13,201207,2012-07-13,-1.22,0,1,0,1,0,0,13.3775
1166,2012,7,12,201207,2012-12-07,1.01,1,0,1,0,0,0,13.3785
1167,2012,7,11,201207,2012-11-07,-0.49,0,1,0,0,0,0,13.344750000000001
1168,2012,7,10,201207,2012-10-07,0.43,1,0,0,0,0,0,13.3613
1169,2012,7,9,201207,2012-09-07,-0.43,0,1,0,0,0,0,13.37275
1170,2012,7,6,201207,2012-06-07,-0.16,0,1,0,0,0,0,13.399000000000001
1171,2012,7,5,201207,2012-05-07,0.55,1,0,0,0,0,0,13.36815
1172,2012,7,4,201207,2012-04-07,-0.01,0,1,0,0,0,0,13.33535
1173,2012,7,3,201207,2012-03-07,-0.0,0,0,0,0,0,0,13.335
1174,2012,7,2,201207,2012-02-07,-0.16,0,1,0,0,0,0,13.30485
1175,2012,6,29,201206,2012-06-29,-1.8,0,1,0,1,0,1,13.479849999999999
1176,2012,6,28,201206,2012-06-28,0.33,1,0,0,0,0,0,13.5839
1177,2012,6,27,201206,2012-06-27,-1.49,0,1,0,1,0,0,13.6606
1178,2012,6,26,201206,2012-06-26,-1.09,0,1,0,1,0,0,13.836749999999999
1179,2012,6,25,201206,2012-06-25,0.41,1,0,0,0,0,0,13.87885
1180,2012,6,22,201206,2012-06-22,-0.45,0,1,0,0,0,0,13.8806
1181,2012,6,21,201206,2012-06-21,1.63,1,0,1,0,1,0,13.808800000000002
1182,2012,6,20,201206,2012-06-20,0.06,1,0,0,0,0,0,13.6958
1183,2012,6,19,201206,2012-06-19,-0.99,0,1,0,0,0,0,13.756699999999999
1184,2012,6,18,201206,2012-06-18,-0.69,0,1,0,0,0,0,13.83085
1185,2012,6,15,201206,2012-06-15,0.19,1,0,0,0,0,0,13.908
1186,2012,6,14,201206,2012-06-14,-0.95,0,1,0,0,0,0,13.9555
1187,2012,6,13,201206,2012-06-13,0.45,1,0,0,0,0,0,13.99595
1188,2012,6,12,201206,2012-12-06,-0.98,0,1,0,0,0,0,14.02785
1189,2012,6,11,201206,2012-11-06,1.31,1,0,1,0,0,0,13.9768
1190,2012,6,8,201206,2012-08-06,-1.04,0,1,0,1,0,0,13.992450000000002
1191,2012,6,7,201206,2012-07-06,0.28,1,0,0,0,0,0,14.04925
1192,2012,6,6,201206,2012-06-06,-1.27,0,1,0,1,0,0,14.1195
1193,2012,6,5,201206,2012-05-06,-0.16,0,1,0,0,0,0,14.205
1194,2012,6,4,201206,2012-04-06,-0.58,0,1,0,0,0,0,14.2686
1195,2012,6,1,201206,2012-01-06,-0.4,0,1,0,0,0,0,14.336749999999999
1196,2012,5,31,201205,2012-05-31,1.53,1,0,1,0,1,0,14.25995
1197,2012,5,30,201205,2012-05-30,1.93,1,0,1,0,1,0,14.020150000000001
1198,2012,5,29,201205,2012-05-29,-0.43,0,1,0,0,0,0,13.916450000000001
1199,2012,5,28,201205,2012-05-28,-0.53,0,1,0,0,0,0,13.93955
1200,2012,5,25,201205,2012-05-25,0.06,1,0,0,0,0,0,14.01565
1201,2012,5,24,201205,2012-05-24,0.13,1,0,0,0,0,0,14.00975
1202,2012,5,23,201205,2012-05-23,0.67,1,0,0,0,0,0,13.948599999999999
1203,2012,5,22,201205,2012-05-22,1.5,1,0,1,0,0,0,13.8016
1204,2012,5,21,201205,2012-05-21,-0.79,0,1,0,0,0,0,13.75005
1205,2012,5,18,201205,2012-05-18,-0.22,0,1,0,0,0,0,13.8195
1206,2012,5,17,201205,2012-05-17,0.5,1,0,0,0,0,0,13.79485
1207,2012,5,16,201205,2012-05-16,-0.44,0,1,0,0,0,0,13.7971
1208,2012,5,15,201205,2012-05-15,0.72,1,0,0,0,0,0,13.779599999999999
1209,2012,5,14,201205,2012-05-14,1.13,1,0,1,0,0,0,13.6533
1210,2012,5,11,201205,2012-11-05,0.43,1,0,0,0,0,0,13.5625
1211,2012,5,10,201205,2012-10-05,-0.01,0,1,0,0,0,0,13.5253
1212,2012,5,9,201205,2012-09-05,1.17,1,0,1,0,0,0,13.44455
1213,2012,5,8,201205,2012-08-05,1.48,1,0,1,0,0,0,13.263300000000001
1214,2012,5,7,201205,2012-07-05,-0.05,0,1,0,0,0,0,13.2299
1215,2012,5,4,201205,2012-04-05,1.16,1,0,1,0,0,0,13.0896
1216,2012,5,3,201205,2012-03-05,0.66,1,0,0,0,0,0,12.97975
1217,2012,5,2,201205,2012-02-05,0.2,1,0,0,0,0,0,12.9251
1218,2012,5,1,201205,2012-01-05,-0.81,0,1,0,0,0,0,12.9668
1219,2012,4,30,201204,2012-04-30,0.37,1,0,0,0,0,0,12.99555
1220,2012,4,27,201204,2012-04-27,-1.59,0,1,0,1,0,1,13.084
1221,2012,4,26,201204,2012-04-26,0.13,1,0,0,0,0,0,13.16925
1222,2012,4,25,201204,2012-04-25,-0.03,0,1,0,0,0,0,13.162749999999999
1223,2012,4,24,201204,2012-04-24,-0.05,0,1,0,0,0,0,13.16935
1224,2012,4,23,201204,2012-04-23,0.54,1,0,0,0,0,0,13.13625
1225,2012,4,20,201204,2012-04-20,-0.77,0,1,0,0,0,0,13.1519
1226,2012,4,19,201204,2012-04-19,0.14,1,0,0,0,0,0,13.192450000000001
1227,2012,4,18,201204,2012-04-18,0.58,1,0,0,0,0,0,13.1395
1228,2012,4,17,201204,2012-04-17,-0.86,0,1,0,0,0,0,13.15625
1229,2012,4,16,201204,2012-04-16,0.3,1,0,0,0,0,0,13.1906
1230,2012,4,13,201204,2012-04-13,1.17,1,0,1,0,0,0,13.1065
1231,2012,4,12,201204,2012-12-04,-1.03,0,1,0,1,0,0,13.0972
1232,2012,4,11,201204,2012-11-04,-0.01,0,1,0,0,0,0,13.15805
1233,2012,4,10,201204,2012-10-04,1.53,1,0,1,0,1,0,13.0661
1234,2012,4,9,201204,2012-09-04,-0.16,0,1,0,0,0,0,12.9786
1235,2012,4,6,201204,2012-06-04,0.92,1,0,0,0,0,0,12.927150000000001
1236,2012,4,5,201204,2012-05-04,0.61,1,0,0,0,0,0,12.83255
1237,2012,4,4,201204,2012-04-04,-0.02,0,1,0,0,0,0,12.781649999999999
1238,2012,4,3,201204,2012-03-04,0.44,1,0,0,0,0,0,12.755949999999999
1239,2012,4,2,201204,2012-02-04,-0.54,0,1,0,0,0,0,12.75545
1240,2012,3,30,201203,2012-03-30,-0.02,0,1,0,0,0,0,12.80645
1241,2012,3,29,201203,2012-03-29,0.35,1,0,0,0,0,0,12.7842
1242,2012,3,28,201203,2012-03-28,0.39,1,0,0,0,0,0,12.73695
1243,2012,3,27,201203,2012-03-27,0.41,1,0,0,0,0,0,12.6922
1244,2012,3,26,201203,2012-03-26,-0.66,0,1,0,0,0,0,12.711400000000001
1245,2012,3,23,201203,2012-03-23,-0.48,0,1,0,0,0,0,12.7835
1246,2012,3,22,201203,2012-03-22,0.8,1,0,0,0,0,0,12.75965
1247,2012,3,21,201203,2012-03-21,0.46,1,0,0,0,0,0,12.68625
1248,2012,3,20,201203,2012-03-20,0.1,1,0,0,0,0,0,12.64075
1249,2012,3,19,201203,2012-03-19,-0.28,0,1,0,0,0,0,12.6517
1250,2012,3,16,201203,2012-03-16,0.12,1,0,0,0,0,0,12.665199999999999
1251,2012,3,15,201203,2012-03-15,-0.61,0,1,0,0,0,0,12.69065
1252,2012,3,14,201203,2012-03-14,1.43,1,0,1,0,0,0,12.64425
1253,2012,3,13,201203,2012-03-13,-0.87,0,1,0,0,0,0,12.60745
1254,2012,3,12,201203,2012-12-03,0.03,1,0,0,0,0,0,12.65475
1255,2012,3,9,201203,2012-09-03,-0.31,0,1,0,0,0,0,12.6682
1256,2012,3,8,201203,2012-08-03,-1.36,0,1,0,1,0,0,12.78655
1257,2012,3,7,201203,2012-07-03,-0.96,0,1,0,0,0,0,12.9373
1258,2012,3,6,201203,2012-06-03,1.23,1,0,1,0,0,0,12.9216
1259,2012,3,5,201203,2012-05-03,0.66,1,0,0,0,0,0,12.79975
1260,2012,3,2,201203,2012-02-03,0.15,1,0,0,0,0,0,12.737449999999999
1261,2012,3,1,201203,2012-01-03,-0.85,0,1,0,0,0,0,12.7941
1262,2012,2,29,201202,2012-02-29,-0.0,0,0,0,0,0,0,12.8475
1263,2012,2,28,201202,2012-02-28,-0.34,0,1,0,0,0,0,12.86955
1264,2012,2,27,201202,2012-02-27,-0.03,0,1,0,0,0,0,12.89845
1265,2012,2,24,201202,2012-02-24,0.51,1,0,0,0,0,0,12.860050000000001
1266,2012,2,23,201202,2012-02-23,-0.16,0,1,0,0,0,0,12.84035
1267,2012,2,22,201202,2012-02-22,0.56,1,0,0,0,0,0,12.8158
1268,2012,2,21,201202,2012-02-21,0.56,1,0,0,0,0,0,12.7361
1269,2012,2,20,201202,2012-02-20,-0.45,0,1,0,0,0,0,12.7104
1270,2012,2,17,201202,2012-02-17,-0.4,0,1,0,0,0,0,12.7941
1271,2012,2,16,201202,2012-02-16,-0.35,0,1,0,0,0,0,12.84825
1272,2012,2,15,201202,2012-02-15,0.71,1,0,0,0,0,0,12.8106
1273,2012,2,14,201202,2012-02-14,0.5,1,0,0,0,0,0,12.7347
1274,2012,2,13,201202,2012-02-13,-0.91,0,1,0,0,0,0,12.7409
1275,2012,2,10,201202,2012-10-02,1.12,1,0,1,0,0,0,12.74615
1276,2012,2,9,201202,2012-09-02,-0.3,0,1,0,0,0,0,12.700199999999999
1277,2012,2,8,201202,2012-08-02,0.26,1,0,0,0,0,0,12.696950000000001
1278,2012,2,7,201202,2012-07-02,0.14,1,0,0,0,0,0,12.67825
1279,2012,2,6,201202,2012-06-02,-0.09,0,1,0,0,0,0,12.68405
1280,2012,2,3,201202,2012-03-02,-0.99,0,1,0,0,0,0,12.741299999999999
1281,2012,2,2,201202,2012-02-02,-0.7,0,1,0,0,0,0,12.853
1282,2012,2,1,201202,2012-01-02,-1.14,0,1,0,1,0,0,12.969249999999999
1283,2012,1,31,201201,2012-01-31,0.4,1,0,0,0,0,0,13.0111
1284,2012,1,30,201201,2012-01-30,0.54,1,0,0,0,0,0,12.95715
1285,2012,1,27,201201,2012-01-27,-0.62,0,1,0,0,0,0,12.96335
1286,2012,1,26,201201,2012-01-26,-0.1,0,1,0,0,0,0,13.0088
1287,2012,1,25,201201,2012-01-25,-0.91,0,1,0,0,0,0,13.059750000000001
1288,2012,1,24,201201,2012-01-24,-0.16,0,1,0,0,0,0,13.1538
1289,2012,1,23,201201,2012-01-23,-0.15,0,1,0,0,0,0,13.17455
1290,2012,1,20,201201,2012-01-20,-0.42,0,1,0,0,0,0,13.20115
1291,2012,1,19,201201,2012-01-19,-0.56,0,1,0,0,0,0,13.27025
1292,2012,1,18,201201,2012-01-18,-0.95,0,1,0,0,0,0,13.37345
1293,2012,1,17,201201,2012-01-17,-0.84,0,1,0,0,0,0,13.491
1294,2012,1,16,201201,2012-01-16,-0.38,0,1,0,0,0,0,13.58125
1295,2012,1,13,201201,2012-01-13,0.44,1,0,0,0,0,0,13.5656
1296,2012,1,12,201201,2012-12-01,-0.52,0,1,0,0,0,0,13.574950000000001
1297,2012,1,11,201201,2012-11-01,-0.25,0,1,0,0,0,0,13.6195
1298,2012,1,10,201201,2012-10-01,-0.35,0,1,0,0,0,0,13.66865
1299,2012,1,9,201201,2012-09-01,-0.21,0,1,0,0,0,0,13.7224
1300,2012,1,6,201201,2012-06-01,-0.27,0,1,0,0,0,0,13.74705
1301,2012,1,5,201201,2012-05-01,0.66,1,0,0,0,0,0,13.719149999999999
1302,2012,1,4,201201,2012-04-01,0.12,1,0,0,0,0,0,13.658249999999999
1303,2012,1,3,201201,2012-03-01,-1.86,0,1,0,1,0,1,13.7828
1304,2012,1,2,201201,2012-02-01,-0.32,0,1,0,0,0,0,13.921
